-1.787651000000000101e-01
-1.794588000000000017e-01
-1.801509000000000027e-01
-1.808376999999999901e-01
-1.815203999999999984e-01
-1.821997999999999951e-01
-1.828729000000000049e-01
-1.835401000000000116e-01
-1.842123999999999984e-01
-1.849040000000000128e-01
-1.856175999999999937e-01
-1.863445999999999991e-01
-1.870784000000000058e-01
-1.878220999999999918e-01
-1.885795999999999861e-01
-1.893457000000000057e-01
-1.901126999999999956e-01
-1.908801999999999999e-01
-1.916529999999999900e-01
-1.924304000000000014e-01
-1.932049000000000127e-01
-1.939729000000000037e-01
-1.947384000000000059e-01
-1.955040999999999862e-01
-1.962643000000000026e-01
-1.970137999999999889e-01
-1.977594000000000019e-01
-1.985169999999999990e-01
-1.992964000000000124e-01
-2.000964000000000076e-01
-2.009122000000000130e-01
-2.017425999999999942e-01
-2.025875000000000037e-01
-2.034429000000000098e-01
-2.043045000000000000e-01
-2.051721999999999990e-01
-2.060475999999999974e-01
-2.069277999999999951e-01
-2.078069999999999917e-01
-2.086841000000000113e-01
-2.095621000000000012e-01
-2.104412999999999978e-01
-2.113152000000000086e-01
-2.121785999999999950e-01
-2.130348999999999993e-01
-2.138952000000000075e-01
-2.147697000000000078e-01
-2.156626000000000098e-01
-2.165741999999999945e-01
-2.175030000000000019e-01
-2.184461000000000042e-01
-2.194003999999999954e-01
-2.203635999999999928e-01
-2.213349000000000011e-01
-2.223127000000000020e-01
-2.232943000000000011e-01
-2.242775999999999936e-01
-2.252617000000000091e-01
-2.262453000000000103e-01
-2.272266000000000008e-01
-2.282039999999999902e-01
-2.291766000000000081e-01
-2.301426000000000027e-01
-2.311020000000000019e-01
-2.320616000000000068e-01
-2.330363000000000018e-01
-2.340393000000000057e-01
-2.350717999999999974e-01
-2.361244999999999872e-01
-2.371904999999999986e-01
-2.382707000000000019e-01
-2.393676000000000137e-01
-2.404775000000000107e-01
-2.415936999999999946e-01
-2.427143999999999968e-01
-2.438414000000000137e-01
-2.449737999999999916e-01
-2.461067000000000116e-01
-2.472372999999999932e-01
-2.483663999999999872e-01
-2.494930999999999954e-01
-2.506129000000000273e-01
-2.517265000000000197e-01
-2.528466999999999798e-01
-2.539896999999999849e-01
-2.551619999999999999e-01
-2.563583999999999863e-01
-2.575732000000000022e-01
-2.588068000000000035e-01
-2.600597000000000047e-01
-2.613267000000000229e-01
-2.626014999999999877e-01
-2.638835999999999959e-01
-2.651759000000000199e-01
-2.664756999999999820e-01
-2.677758000000000083e-01
-2.690731000000000095e-01
-2.703714999999999868e-01
-2.716724999999999834e-01
-2.729692000000000229e-01
-2.742546000000000150e-01
-2.755336999999999925e-01
-2.768231999999999915e-01
-2.781375999999999848e-01
-2.794805000000000206e-01
-2.808473000000000219e-01
-2.822336999999999763e-01
-2.836377999999999955e-01
-2.850577000000000250e-01
-2.864902999999999755e-01
-2.879333000000000031e-01
-2.893849000000000005e-01
-2.908429000000000153e-01
-2.923042000000000140e-01
-2.937671000000000032e-01
-2.952310000000000212e-01
-2.966944000000000248e-01
-2.981539999999999746e-01
-2.996061999999999892e-01
-3.010514000000000245e-01
-3.024962999999999957e-01
-3.039531999999999790e-01
-3.054352000000000178e-01
-3.069505000000000150e-01
-3.084977999999999887e-01
-3.100700000000000123e-01
-3.116614999999999802e-01
-3.132709000000000188e-01
-3.148979000000000084e-01
-3.165394999999999737e-01
-3.181914000000000131e-01
-3.198515000000000108e-01
-3.215186999999999906e-01
-3.231903999999999888e-01
-3.248639999999999861e-01
-3.265386000000000122e-01
-3.282132999999999856e-01
-3.298834999999999962e-01
-3.315454999999999930e-01
-3.332068000000000252e-01
-3.348871999999999960e-01
-3.366052999999999962e-01
-3.383638999999999952e-01
-3.401526999999999745e-01
-3.419641999999999959e-01
-3.438002000000000002e-01
-3.456629999999999980e-01
-3.475465999999999833e-01
-3.494424999999999892e-01
-3.513493999999999784e-01
-3.532704999999999873e-01
-3.552040000000000197e-01
-3.571422000000000208e-01
-3.590807999999999778e-01
-3.610225000000000239e-01
-3.629686999999999775e-01
-3.649131999999999931e-01
-3.668508999999999798e-01
-3.687882000000000104e-01
-3.707402000000000197e-01
-3.727163000000000004e-01
-3.747149000000000174e-01
-3.767306000000000266e-01
-3.787617999999999818e-01
-3.808077999999999741e-01
-3.828643999999999936e-01
-3.849267000000000105e-01
-3.869943000000000133e-01
-3.890686999999999895e-01
-3.911468000000000167e-01
-3.932218000000000102e-01
-3.952917000000000236e-01
-3.973606000000000082e-01
-3.994294999999999929e-01
-4.014900000000000135e-01
-4.035334999999999894e-01
-4.055656000000000261e-01
-4.076068999999999942e-01
-4.096789000000000125e-01
-4.117917999999999856e-01
-4.139450000000000074e-01
-4.161347000000000240e-01
-4.183573999999999904e-01
-4.206095999999999724e-01
-4.228878999999999833e-01
-4.251899000000000095e-01
-4.275135999999999936e-01
-4.298553999999999986e-01
-4.322115999999999736e-01
-4.345802999999999749e-01
-4.369613999999999998e-01
-4.393522000000000260e-01
-4.417474000000000123e-01
-4.441451000000000149e-01
-4.465472999999999804e-01
-4.489499000000000128e-01
-4.513319000000000081e-01
-4.536600000000000077e-01
-4.559088000000000029e-01
-4.580744999999999956e-01
-4.601685999999999832e-01
-4.621984000000000092e-01
-4.641602000000000228e-01
-4.660485999999999795e-01
-4.678667000000000242e-01
-4.696221999999999897e-01
-4.713165999999999745e-01
-4.729452000000000100e-01
-4.745062999999999920e-01
-4.760062999999999933e-01
-4.774511000000000172e-01
-4.788375999999999744e-01
-4.801595000000000169e-01
-4.814188999999999830e-01
-4.826281000000000043e-01
-4.838005000000000222e-01
-4.849439999999999862e-01
-4.860648000000000191e-01
-4.871693000000000273e-01
-4.882591000000000014e-01
-4.893279999999999852e-01
-4.903703999999999841e-01
-4.913903000000000021e-01
-4.923949000000000242e-01
-4.933810000000000140e-01
-4.943385000000000140e-01
-4.952666000000000013e-01
-4.961772999999999878e-01
-4.970750999999999920e-01
-4.979456999999999911e-01
-4.987767000000000173e-01
-4.995835000000000137e-01
-5.003870000000000262e-01
-5.011573000000000278e-01
-5.017956999999999557e-01
-5.021911999999999487e-01
-5.022959000000000174e-01
-5.021337999999999635e-01
-5.017424999999999802e-01
-5.011271000000000475e-01
-5.002746000000000137e-01
-4.991898000000000168e-01
-4.978966000000000225e-01
-4.964100000000000179e-01
-4.947267000000000192e-01
-4.928464000000000178e-01
-4.907832999999999779e-01
-4.885513000000000217e-01
-4.861518000000000228e-01
-4.835878000000000121e-01
-4.808772000000000046e-01
-4.780279000000000056e-01
-4.749971000000000054e-01
-4.716911999999999772e-01
-4.680191000000000212e-01
-4.639442999999999762e-01
-4.594844000000000150e-01
-4.546713000000000005e-01
-4.495239999999999791e-01
-4.440529999999999755e-01
-4.382732999999999768e-01
-4.322024999999999895e-01
-4.258543000000000189e-01
-4.192404000000000130e-01
-4.123773000000000022e-01
-4.052838999999999747e-01
-3.979712999999999723e-01
-3.904457000000000066e-01
-3.827208000000000276e-01
-3.748215999999999770e-01
-3.667641999999999847e-01
-3.585323999999999733e-01
-3.500834999999999919e-01
-3.413840000000000208e-01
-3.324378000000000055e-01
-3.232765000000000222e-01
-3.139256000000000268e-01
-3.043908000000000169e-01
-2.946767000000000136e-01
-2.848050999999999777e-01
-2.748045000000000071e-01
-2.646876000000000229e-01
-2.544548999999999839e-01
-2.441184000000000132e-01
-2.337060999999999999e-01
-2.232364000000000015e-01
-2.127087000000000006e-01
-2.021323999999999899e-01
-1.915407000000000082e-01
-1.809276999999999969e-01
-1.701560000000000017e-01
-1.589646000000000114e-01
-1.471126000000000100e-01
-1.345283999999999924e-01
-1.213049999999999962e-01
-1.075643000000000016e-01
-9.335303999999999824e-02
-7.867050999999999905e-02
-6.354761000000000437e-02
-4.805613000000000246e-02
-3.225528999999999896e-02
-1.617017999999999928e-02
1.730281999999999979e-04
1.672500000000000028e-02
3.343937999999999772e-02
5.029034000000000282e-02
6.724294999999999578e-02
8.423740999999999868e-02
1.012480000000000047e-01
1.183509999999999979e-01
1.356842000000000048e-01
1.533188000000000051e-01
1.711979999999999891e-01
1.892195000000000127e-01
2.073426999999999909e-01
2.255753000000000064e-01
2.438809999999999867e-01
2.621665000000000245e-01
2.803678000000000003e-01
2.984936000000000256e-01
3.165491000000000277e-01
3.344629000000000074e-01
3.521451999999999916e-01
3.695894000000000124e-01
3.868407999999999847e-01
4.038643000000000094e-01
4.205469000000000013e-01
4.369148999999999949e-01
4.533049000000000106e-01
4.702160000000000228e-01
4.879538999999999960e-01
5.064581000000000222e-01
5.254809999999999759e-01
5.448610999999999871e-01
5.645750999999999964e-01
5.845932000000000350e-01
6.047989999999999755e-01
6.250664000000000220e-01
6.453341000000000216e-01
6.655611999999999639e-01
6.856691999999999787e-01
7.055801000000000434e-01
7.252653999999999490e-01
7.446848000000000356e-01
7.637137000000000508e-01
7.822510000000000296e-01
8.004478999999999900e-01
8.187404000000000348e-01
8.375616999999999646e-01
8.570307000000000341e-01
8.769715000000000149e-01
8.971890000000000143e-01
9.176210000000000200e-01
9.382205000000000128e-01
9.588271999999999906e-01
9.792577000000000087e-01
9.994575999999999460e-01
1.019451000000000107e+00
1.039157000000000108e+00
1.058383999999999991e+00
1.077032999999999907e+00
1.095185000000000075e+00
1.112881999999999927e+00
1.129942999999999920e+00
1.146174999999999944e+00
1.161802999999999919e+00
1.177540999999999949e+00
1.194107000000000030e+00
1.211694999999999967e+00
1.229986999999999941e+00
1.248604000000000047e+00
1.267411999999999983e+00
1.286404000000000103e+00
1.305457000000000090e+00
1.324338999999999933e+00
1.342896000000000090e+00
1.361091999999999969e+00
1.378875000000000073e+00
1.396117999999999970e+00
1.412717000000000001e+00
1.428649000000000058e+00
1.443864999999999954e+00
1.458223000000000047e+00
1.471699000000000090e+00
1.484666999999999959e+00
1.497824000000000044e+00
1.511751000000000067e+00
1.526548999999999934e+00
1.541946999999999957e+00
1.557649999999999979e+00
1.573506999999999989e+00
1.589382999999999990e+00
1.605075000000000029e+00
1.620414000000000021e+00
1.635354999999999892e+00
1.649856999999999907e+00
1.663748999999999922e+00
1.676844999999999919e+00
1.689148000000000094e+00
1.700777999999999901e+00
1.711661000000000099e+00
1.721494000000000080e+00
1.730205999999999911e+00
1.738396999999999970e+00
1.747106999999999966e+00
1.757046000000000108e+00
1.768129999999999979e+00
1.779824000000000073e+00
1.791762000000000077e+00
1.803919000000000050e+00
1.816257999999999928e+00
1.828502999999999989e+00
1.840344999999999898e+00
1.851698000000000066e+00
1.862608000000000041e+00
1.872981000000000007e+00
1.882595999999999936e+00
1.891345000000000054e+00
1.899294999999999956e+00
1.906443000000000110e+00
1.912628999999999913e+00
1.917864999999999931e+00
1.922709999999999919e+00
1.928080000000000016e+00
1.934619000000000089e+00
1.942304999999999948e+00
1.950698999999999961e+00
1.959419000000000022e+00
1.968296000000000046e+00
1.977198999999999929e+00
1.985924000000000023e+00
1.994309000000000109e+00
2.002282000000000117e+00
2.009742999999999835e+00
2.016509000000000107e+00
2.022472000000000047e+00
2.027709999999999901e+00
2.032274000000000136e+00
2.035943000000000058e+00
2.038428000000000129e+00
2.039950000000000152e+00
2.041441999999999979e+00
2.043976999999999933e+00
2.047981000000000051e+00
2.053106999999999793e+00
2.058823999999999987e+00
2.064922000000000146e+00
2.071388999999999925e+00
2.078034999999999854e+00
2.084487000000000201e+00
2.090523999999999827e+00
2.096178000000000097e+00
2.101456999999999908e+00
2.106142000000000181e+00
2.109992999999999785e+00
2.113030000000000186e+00
2.115390999999999799e+00
2.116999999999999993e+00
2.117617000000000083e+00
2.117367999999999917e+00
2.117042999999999786e+00
2.117658000000000040e+00
2.119705000000000172e+00
2.122920999999999836e+00
2.126748999999999779e+00
2.130856000000000083e+00
2.135151000000000021e+00
2.139520999999999784e+00
2.143742000000000036e+00
2.147625999999999813e+00
2.151091000000000086e+00
2.154043999999999848e+00
2.156353999999999882e+00
2.157964000000000215e+00
2.158914000000000222e+00
2.159155000000000157e+00
2.158446000000000087e+00
2.156677999999999873e+00
2.154307000000000194e+00
2.152289000000000119e+00
2.151438999999999879e+00
2.151902999999999899e+00
2.153297999999999934e+00
2.155244999999999855e+00
2.157611000000000168e+00
2.160292999999999797e+00
2.163012000000000157e+00
2.165477999999999792e+00
2.167616000000000209e+00
2.169468999999999870e+00
2.170923000000000158e+00
2.171720000000000095e+00
2.171750999999999987e+00
2.171149999999999913e+00
2.169992999999999839e+00
2.168063000000000073e+00
2.165150000000000130e+00
2.161607000000000056e+00
2.158373000000000097e+00
2.156322999999999990e+00
2.155629999999999935e+00
2.155844000000000094e+00
2.156477000000000199e+00
2.157360999999999862e+00
2.158475999999999839e+00
2.159672000000000036e+00
2.160686999999999802e+00
2.161362000000000005e+00
2.161668000000000145e+00
2.161553000000000058e+00
2.160896000000000150e+00
2.159622000000000153e+00
2.157737000000000016e+00
2.155183000000000071e+00
2.151806000000000108e+00
2.147641000000000133e+00
2.143206000000000166e+00
2.139349000000000167e+00
2.136697999999999986e+00
2.135301999999999811e+00
2.134812999999999850e+00
2.134901000000000160e+00
2.135400000000000187e+00
2.136147999999999936e+00
2.136909999999999865e+00
2.137507999999999964e+00
2.137903999999999805e+00
2.138059000000000154e+00
2.137792999999999832e+00
2.136921000000000070e+00
2.135460999999999832e+00
2.133537000000000017e+00
2.131078000000000028e+00
2.127797999999999856e+00
2.123653000000000013e+00
2.119237000000000037e+00
2.115511999999999837e+00
2.113090000000000135e+00
2.111850000000000005e+00
2.111285000000000078e+00
2.111066000000000109e+00
2.111162000000000205e+00
2.111530999999999825e+00
2.111925999999999970e+00
2.112086000000000130e+00
2.111940000000000150e+00
2.111518999999999924e+00
2.110742999999999814e+00
2.109436000000000089e+00
2.107521000000000200e+00
2.105049999999999866e+00
2.102005000000000123e+00
2.098256999999999817e+00
2.093872000000000178e+00
2.089392999999999834e+00
2.085650999999999922e+00
2.083199000000000023e+00
2.081993999999999900e+00
2.081630999999999787e+00
2.081758999999999915e+00
2.082218999999999820e+00
2.082889000000000213e+00
2.083590000000000053e+00
2.084172000000000136e+00
2.084560000000000191e+00
2.084667000000000048e+00
2.084337000000000106e+00
2.083473999999999826e+00
2.082132999999999790e+00
2.080350000000000144e+00
2.077941000000000038e+00
2.074672000000000072e+00
2.070727999999999902e+00
2.066882000000000108e+00
2.064010999999999818e+00
2.062441000000000191e+00
2.061856999999999829e+00
2.061812000000000200e+00
2.062142999999999837e+00
2.062856000000000023e+00
2.063794000000000128e+00
2.064643999999999924e+00
2.065224999999999866e+00
2.065573000000000103e+00
2.065698999999999952e+00
2.065418000000000198e+00
2.064532999999999952e+00
2.063063000000000091e+00
2.061125000000000096e+00
2.058645999999999976e+00
2.055433999999999983e+00
2.051616999999999802e+00
2.047873000000000054e+00
2.045036000000000076e+00
2.043482000000000021e+00
2.042972999999999928e+00
2.043063000000000073e+00
2.043492000000000086e+00
2.044179000000000190e+00
2.045011000000000134e+00
2.045805000000000096e+00
2.046424000000000021e+00
2.046800999999999870e+00
2.046838999999999853e+00
2.046413999999999955e+00
2.045493000000000006e+00
2.044128999999999863e+00
2.042259000000000047e+00
2.039651000000000103e+00
2.036214999999999886e+00
2.032388000000000083e+00
2.029027999999999832e+00
2.026831000000000049e+00
2.025892999999999944e+00
2.025863999999999887e+00
2.026421000000000028e+00
2.027454000000000089e+00
2.028868999999999811e+00
2.030418000000000056e+00
2.031845999999999819e+00
2.033084999999999809e+00
2.034161000000000108e+00
2.034969999999999946e+00
2.035286999999999846e+00
2.035013000000000183e+00
2.034251999999999949e+00
2.033053999999999917e+00
2.031229999999999869e+00
2.028614999999999835e+00
2.025513999999999815e+00
2.022721000000000213e+00
2.020960000000000090e+00
2.020363999999999827e+00
2.020544000000000118e+00
2.021091999999999889e+00
2.021867999999999999e+00
2.022853000000000012e+00
2.023913999999999991e+00
2.024833000000000105e+00
2.025478999999999807e+00
2.025819999999999954e+00
2.025802000000000103e+00
2.025316999999999812e+00
2.024316999999999922e+00
2.022810999999999915e+00
2.020720999999999989e+00
2.017882999999999871e+00
2.014356999999999953e+00
2.010692000000000146e+00
2.007730000000000015e+00
2.006051999999999946e+00
2.005665000000000031e+00
2.006222999999999868e+00
2.007426000000000155e+00
2.009123999999999910e+00
2.011150999999999911e+00
2.013263999999999943e+00
2.015289999999999804e+00
2.017195000000000071e+00
2.018930000000000113e+00
2.020312999999999803e+00
2.021163000000000043e+00
2.021491000000000149e+00
2.021399999999999864e+00
2.020809999999999995e+00
2.019460000000000033e+00
2.017320999999999920e+00
2.014901000000000053e+00
2.012982000000000049e+00
2.012027999999999928e+00
2.011916999999999955e+00
2.012246999999999897e+00
2.012767000000000195e+00
2.013443000000000094e+00
2.014222000000000179e+00
2.014914000000000094e+00
2.015330000000000066e+00
2.015410999999999841e+00
2.015159999999999840e+00
2.014502999999999933e+00
2.013328000000000007e+00
2.011597000000000079e+00
2.009325000000000028e+00
2.006454000000000182e+00
2.002886000000000166e+00
1.998787000000000091e+00
1.994799999999999907e+00
1.991819000000000006e+00
1.990450999999999970e+00
1.990677000000000030e+00
1.992048999999999959e+00
1.994129999999999958e+00
1.996714000000000100e+00
1.999695000000000000e+00
2.002906999999999993e+00
2.006139000000000117e+00
2.009238999999999997e+00
2.012118000000000073e+00
2.014670999999999879e+00
2.016786000000000190e+00
2.018412000000000095e+00
2.019535999999999998e+00
2.020055999999999852e+00
2.019826999999999817e+00
2.018915999999999933e+00
2.017752000000000212e+00
2.016878000000000171e+00
2.016506000000000132e+00
2.016414999999999846e+00
2.016286000000000023e+00
2.016033999999999882e+00
2.015718000000000121e+00
2.015258000000000216e+00
2.014422999999999853e+00
2.013084000000000096e+00
2.011322999999999972e+00
2.009195000000000064e+00
2.006562000000000179e+00
2.003258999999999901e+00
1.999339999999999895e+00
1.994947999999999944e+00
1.990021000000000040e+00
1.984386999999999901e+00
1.978331000000000062e+00
1.972903999999999991e+00
1.969400000000000039e+00
1.968456999999999901e+00
1.969743000000000022e+00
1.972506000000000093e+00
1.976264999999999938e+00
1.980911000000000088e+00
1.986342000000000052e+00
1.992251999999999912e+00
1.998304999999999998e+00
2.004335000000000200e+00
2.010285999999999795e+00
2.016037999999999997e+00
2.021396000000000193e+00
2.026225000000000165e+00
2.030491000000000046e+00
2.034161000000000108e+00
2.037148999999999877e+00
2.039368000000000070e+00
2.040795999999999832e+00
2.041444999999999954e+00
2.041297000000000139e+00
2.040312000000000126e+00
2.038479999999999848e+00
2.035830999999999946e+00
2.032383999999999968e+00
2.028137000000000079e+00
2.023092000000000112e+00
2.017278999999999822e+00
2.010739000000000054e+00
2.003490999999999911e+00
1.995548000000000100e+00
1.986941000000000068e+00
1.977708999999999939e+00
1.967886999999999942e+00
1.957495999999999903e+00
1.946561999999999903e+00
1.935122999999999927e+00
1.923213999999999979e+00
1.910862999999999978e+00
1.898093000000000030e+00
1.884935999999999945e+00
1.871426000000000034e+00
1.857588000000000017e+00
1.843445999999999918e+00
1.829026999999999958e+00
1.814356999999999998e+00
1.799460999999999977e+00
1.784361000000000086e+00
1.769077999999999928e+00
1.753633999999999915e+00
1.738048999999999955e+00
1.722342999999999957e+00
1.706533000000000078e+00
1.690636999999999945e+00
1.674671000000000021e+00
1.658649999999999958e+00
1.642587999999999937e+00
1.626501999999999892e+00
1.610403999999999947e+00
1.594302000000000108e+00
1.578209999999999891e+00
1.562141000000000002e+00
1.546105000000000063e+00
1.530108000000000024e+00
1.514157999999999893e+00
1.498267000000000015e+00
1.482442999999999955e+00
1.466690999999999967e+00
1.451014999999999944e+00
1.435424000000000033e+00
1.419925000000000104e+00
1.404524000000000106e+00
1.389219999999999899e+00
1.374017999999999962e+00
1.358926999999999996e+00
1.343950999999999896e+00
1.329088999999999965e+00
1.314340999999999982e+00
1.299716000000000093e+00
1.285217000000000054e+00
1.270844000000000085e+00
1.256594999999999906e+00
1.242474000000000078e+00
1.228487000000000107e+00
1.214633000000000074e+00
1.200909999999999922e+00
1.187316999999999956e+00
1.173861000000000043e+00
1.160543000000000102e+00
1.147359999999999935e+00
1.134308000000000094e+00
1.121391000000000027e+00
1.108613999999999988e+00
1.095974999999999921e+00
1.083466999999999958e+00
1.071091999999999933e+00
1.058855000000000102e+00
1.046755000000000102e+00
1.034786999999999901e+00
1.022949000000000108e+00
1.011244000000000032e+00
9.996745000000000214e-01
9.882368999999999737e-01
9.769255000000000022e-01
9.657417999999999836e-01
9.546900999999999859e-01
9.437687000000000159e-01
9.329709000000000474e-01
9.222951000000000343e-01
9.117456000000000449e-01
9.013236000000000026e-01
8.910230999999999568e-01
8.808395999999999448e-01
8.707755999999999830e-01
8.608346999999999527e-01
8.510132000000000252e-01
8.413047000000000164e-01
8.317088000000000259e-01
8.222300999999999638e-01
8.128678999999999766e-01
8.036155999999999855e-01
7.944700000000000095e-01
7.854345000000000354e-01
7.765113999999999628e-01
7.676958999999999866e-01
7.589820999999999929e-01
7.503712999999999633e-01
7.418675000000000130e-01
7.334686000000000261e-01
7.251680000000000348e-01
7.169636999999999816e-01
7.088598999999999872e-01
7.008575999999999695e-01
6.929509999999999836e-01
6.851353999999999500e-01
6.774132999999999960e-01
6.697880999999999974e-01
6.622563000000000200e-01
6.548116999999999965e-01
6.474539999999999740e-01
6.401873999999999620e-01
6.330114999999999492e-01
6.259200999999999793e-01
6.189099999999999602e-01
6.119847999999999955e-01
6.051465000000000316e-01
5.983908000000000005e-01
5.917120999999999631e-01
5.851119000000000181e-01
5.785941000000000001e-01
5.721566000000000152e-01
5.657934999999999492e-01
5.595031999999999783e-01
5.532896000000000480e-01
5.471536999999999651e-01
5.410903999999999714e-01
5.350953999999999988e-01
5.291711999999999527e-01
5.233210999999999835e-01
5.175418999999999992e-01
5.118281000000000081e-01
5.061795999999999518e-01
5.006005000000000038e-01
4.950904999999999889e-01
4.896441000000000265e-01
4.842582999999999749e-01
4.789366999999999930e-01
4.736814999999999776e-01
4.684885999999999773e-01
4.633532000000000206e-01
4.582767999999999842e-01
4.532629000000000241e-01
4.483101999999999920e-01
4.434131000000000045e-01
4.385703000000000240e-01
4.337856999999999963e-01
4.290603000000000056e-01
4.243894000000000277e-01
4.197694000000000147e-01
4.152027999999999830e-01
4.106926000000000188e-01
4.062361999999999917e-01
4.018285999999999802e-01
3.974697999999999842e-01
3.931637000000000048e-01
3.889103999999999894e-01
3.847046000000000077e-01
3.805441999999999991e-01
3.764321999999999946e-01
3.723710000000000075e-01
3.683568999999999871e-01
3.643856999999999791e-01
3.604587000000000208e-01
3.565795999999999966e-01
3.527470999999999801e-01
3.489561999999999942e-01
3.452059000000000100e-01
3.414998000000000200e-01
3.378391000000000033e-01
3.342196000000000056e-01
3.306379999999999875e-01
3.270967000000000180e-01
3.235988000000000198e-01
3.201417999999999764e-01
3.167212999999999834e-01
3.133374999999999910e-01
3.099939999999999918e-01
3.066909999999999914e-01
3.034239000000000241e-01
3.001905999999999741e-01
2.969942999999999889e-01
2.938370000000000148e-01
2.907156000000000184e-01
2.876263000000000014e-01
2.845704000000000011e-01
2.815514000000000072e-01
2.785680999999999852e-01
2.756161999999999779e-01
2.726948000000000150e-01
2.698072000000000248e-01
2.669547999999999921e-01
2.641336000000000239e-01
2.613408999999999871e-01
2.585787999999999975e-01
2.558502999999999750e-01
2.531533000000000255e-01
2.504836999999999758e-01
2.478416999999999981e-01
2.452310000000000045e-01
2.426515999999999951e-01
2.400993999999999906e-01
2.375725999999999949e-01
2.350742000000000109e-01
2.326062000000000130e-01
2.301657000000000008e-01
2.277492999999999879e-01
2.253583000000000114e-01
2.229959999999999998e-01
2.206614000000000075e-01
2.183505000000000029e-01
2.160625999999999935e-01
2.138009999999999911e-01
2.115666999999999964e-01
2.093563999999999981e-01
2.071675000000000044e-01
2.050021999999999955e-01
2.028629999999999878e-01
2.007482999999999906e-01
1.986542000000000030e-01
1.965812000000000115e-01
1.945324999999999971e-01
1.925082999999999933e-01
1.905048000000000019e-01
1.885206000000000104e-01
1.865583000000000102e-01
1.846198000000000006e-01
1.827025999999999928e-01
1.808036000000000088e-01
1.789241000000000026e-01
1.770671000000000050e-01
1.752317999999999931e-01
1.734144999999999992e-01
1.716146000000000060e-01
1.698352999999999946e-01
1.680773999999999879e-01
1.663380999999999887e-01
1.646149000000000084e-01
1.629098999999999964e-01
1.612254999999999938e-01
1.595602000000000131e-01
1.579106999999999872e-01
1.562772000000000050e-01
1.546627999999999892e-01
1.530677000000000010e-01
1.514884999999999982e-01
1.499238999999999988e-01
1.483763999999999916e-01
1.468478000000000006e-01
1.453357000000000121e-01
1.438375000000000070e-01
1.423541999999999863e-01
1.408888000000000085e-01
1.394403999999999921e-01
1.380058000000000118e-01
1.365844999999999976e-01
1.351791999999999994e-01
1.337910999999999961e-01
1.324172999999999878e-01
1.310558000000000001e-01
1.297082999999999986e-01
1.283774000000000026e-01
1.270613999999999910e-01
1.257573999999999914e-01
1.244655999999999957e-01
1.231890999999999958e-01
1.219278000000000028e-01
1.206789000000000056e-01
1.194410000000000055e-01
1.182165000000000021e-01
1.170071000000000028e-01
1.158107000000000025e-01
1.146246999999999960e-01
1.134503000000000039e-01
1.122902000000000067e-01
1.111435999999999952e-01
1.100079000000000057e-01
1.088806999999999969e-01
1.077605999999999981e-01
1.066465000000000052e-01
1.055381999999999987e-01
1.044352000000000058e-01
1.033374999999999988e-01
1.022448999999999997e-01
1.011572000000000027e-01
1.000744999999999968e-01
9.899668999999999830e-02
9.792365000000000097e-02
9.685536000000000145e-02
9.579176000000000357e-02
9.473278999999999728e-02
9.367841000000000362e-02
9.262856999999999341e-02
9.158322000000000684e-02
9.054231000000000085e-02
8.950579999999999647e-02
8.847362999999999755e-02
8.744577000000000599e-02
8.642217000000000648e-02
8.540279000000000620e-02
8.438758000000000370e-02
8.337650000000000616e-02
8.236951000000000689e-02
8.136656999999999917e-02
8.036762999999999546e-02
7.937265999999999766e-02
7.838161000000000433e-02
7.739445000000000352e-02
7.641114000000000239e-02
7.543163999999999425e-02
7.445590000000000541e-02
7.348390999999999951e-02
7.251559999999999950e-02
7.155095999999999679e-02
7.058994000000000379e-02
6.963252000000000330e-02
6.867863999999999913e-02
6.772828000000000181e-02
6.678140000000000465e-02
6.583798000000000428e-02
6.489796999999999927e-02
6.396134000000000541e-02
6.302805999999999687e-02
6.209810000000000330e-02
6.117142999999999886e-02
6.024800999999999768e-02
5.932781000000000166e-02
5.841079999999999883e-02
5.749695999999999974e-02
5.658624000000000293e-02
5.567861999999999811e-02
5.477408000000000277e-02
5.387258000000000324e-02
5.297409000000000145e-02
5.207857999999999932e-02
5.118603000000000042e-02
5.029640999999999973e-02
4.940968999999999917e-02
4.852584000000000064e-02
4.764484000000000080e-02
4.676666000000000156e-02
4.589127999999999957e-02
4.501865000000000033e-02
4.414877999999999858e-02
4.328160999999999814e-02
4.241713999999999901e-02
4.155533000000000143e-02
4.069616999999999679e-02
3.983961999999999920e-02
3.898565999999999837e-02
3.813426999999999789e-02
3.728543000000000135e-02
3.643910000000000204e-02
3.559527999999999998e-02
3.475393000000000232e-02
3.391504000000000046e-02
3.307857000000000158e-02
3.224451999999999874e-02
3.141284999999999911e-02
3.058353999999999934e-02
2.975658000000000122e-02
2.893193999999999974e-02
2.810959999999999848e-02
2.728954000000000102e-02
2.647174000000000055e-02
2.565618000000000065e-02
2.484284000000000145e-02
2.403169999999999959e-02
2.322273999999999866e-02
2.241593999999999878e-02
2.161128000000000007e-02
2.080873999999999918e-02
2.000829999999999970e-02
1.920994999999999994e-02
1.841365999999999836e-02
1.761942000000000022e-02
1.682720999999999870e-02
1.603701000000000085e-02
1.524880999999999980e-02
1.446257999999999919e-02
1.367829999999999914e-02
1.289596999999999966e-02
1.211555999999999918e-02
1.133705999999999950e-02
1.056045000000000074e-02
9.785712999999999703e-03
9.012832000000000135e-03
8.241793000000000730e-03
7.472577999999999686e-03
6.705171000000000221e-03
5.939558000000000164e-03
5.175721999999999788e-03
4.413648000000000050e-03
3.653321000000000172e-03
2.894724999999999902e-03
2.137845000000000197e-03
1.382666999999999967e-03
6.291750000000000467e-04
-1.226446000000000014e-04
-8.728065000000000129e-04
-1.621325000000000066e-03
-2.368213999999999996e-03
-3.113489000000000100e-03
-3.857161999999999917e-03
-4.599248000000000225e-03
-5.339759999999999819e-03
-6.078712000000000004e-03
-6.816117000000000009e-03
-7.551989000000000271e-03
-8.286340999999999152e-03
-9.019185000000000743e-03
-9.750533999999999937e-03
-1.048040000000000083e-02
-1.120879999999999967e-02
-1.193574000000000024e-02
-1.266124000000000069e-02
-1.338530999999999922e-02
-1.410795999999999925e-02
-1.482920000000000071e-02
-1.554904000000000008e-02
-1.626750000000000071e-02
-1.698459000000000080e-02
-1.770031999999999855e-02
-1.841471000000000080e-02
-1.912774999999999892e-02
-1.983947000000000141e-02
-2.054987000000000133e-02
-2.125896999999999856e-02
-2.196678000000000172e-02
-2.267330999999999860e-02
-2.337857000000000129e-02
-2.408255999999999938e-02
-2.478531000000000137e-02
-2.548682000000000031e-02
-2.618710000000000135e-02
-2.688617000000000090e-02
-2.758402000000000076e-02
-2.828067999999999901e-02
-2.897614999999999913e-02
-2.967045000000000099e-02
-3.036358000000000112e-02
-3.105555000000000121e-02
-3.174637000000000292e-02
-3.243606000000000267e-02
-3.312462000000000045e-02
-3.381205000000000321e-02
-3.449838000000000210e-02
-3.518360999999999711e-02
-3.586774999999999686e-02
-3.655081000000000302e-02
-3.723279000000000172e-02
-3.791371000000000324e-02
-3.859358000000000233e-02
-3.927239999999999898e-02
-3.995018999999999654e-02
-4.062694000000000027e-02
-4.130268000000000134e-02
-4.197740999999999972e-02
-4.265113000000000237e-02
-4.332385999999999876e-02
-4.399560000000000276e-02
-4.466636999999999691e-02
-4.533617000000000202e-02
-4.600500999999999896e-02
-4.667289000000000160e-02
-4.733982999999999941e-02
-4.800584000000000101e-02
-4.867090999999999779e-02
-4.933506000000000002e-02
-4.999830000000000246e-02
-5.066063999999999984e-02
-5.132206999999999741e-02
-5.198262000000000022e-02
-5.264227999999999963e-02
-5.330106999999999901e-02
-5.395898999999999834e-02
-5.461604999999999932e-02
-5.527225999999999667e-02
-5.592761999999999734e-02
-5.658214000000000299e-02
-5.723583000000000143e-02
-5.788868999999999959e-02
-5.854074000000000083e-02
-5.919196999999999653e-02
-5.984240999999999866e-02
-6.049203999999999692e-02
-6.114088000000000162e-02
-6.178894000000000053e-02
-6.243623000000000228e-02
-6.308273999999999826e-02
-6.372848999999999875e-02
-6.437347999999999681e-02
-6.501772000000000107e-02
-6.566120999999999763e-02
-6.630397000000000374e-02
-6.694598999999999689e-02
-6.758728999999999432e-02
-6.822786999999999602e-02
-6.886773999999999674e-02
-6.950689999999999646e-02
-7.014536000000000382e-02
-7.078312000000000492e-02
-7.142018999999999451e-02
-7.205657999999999508e-02
-7.269230000000000136e-02
-7.332734000000000474e-02
-7.396170999999999995e-02
-7.459543000000000423e-02
-7.522848999999999509e-02
-7.586089999999999500e-02
-7.649266999999999872e-02
-7.712381000000000097e-02
-7.775430999999999315e-02
-7.838417999999999775e-02
-7.901342999999999561e-02
-7.964206999999999537e-02
-8.027009999999999701e-02
-8.089752000000000054e-02
-8.152434000000000069e-02
-8.215057000000000609e-02
-8.277621000000000284e-02
-8.340126999999999957e-02
-8.402574000000000154e-02
-8.464965000000000683e-02
-8.527297999999999822e-02
-8.589575000000000682e-02
-8.651796000000000486e-02
-8.713962000000000097e-02
-8.776072999999999513e-02
-8.838129999999999598e-02
-8.900131999999999488e-02
-8.962082000000000381e-02
-9.023978000000000554e-02
-9.085822000000000342e-02
-9.147613999999999745e-02
-9.209354000000000151e-02
-9.271042999999999645e-02
-9.332680999999999616e-02
-9.394270000000000398e-02
-9.455808999999999742e-02
-9.517298000000000424e-02
-9.578739000000000003e-02
-9.640131000000000394e-02
-9.701474999999999682e-02
-9.762772000000000117e-02
-9.824022000000000310e-02
-9.885225000000000262e-02
-9.946381999999999446e-02
-1.000748999999999944e-01
-1.006856000000000001e-01
-1.012958000000000053e-01
-1.019055999999999990e-01
-1.025149000000000060e-01
-1.031238000000000016e-01
-1.037321999999999966e-01
-1.043402999999999969e-01
-1.049478999999999967e-01
-1.055549999999999961e-01
-1.061618000000000006e-01
-1.067681000000000047e-01
-1.073741000000000001e-01
-1.079795999999999950e-01
-1.085847999999999952e-01
-1.091894999999999949e-01
-1.097937999999999970e-01
-1.103978000000000043e-01
-1.110014000000000001e-01
-1.116044999999999954e-01
-1.122072999999999959e-01
-1.128098000000000017e-01
-1.134117999999999932e-01
-1.140135000000000037e-01
-1.146149000000000057e-01
-1.152157999999999932e-01
-1.158163999999999999e-01
-1.164166999999999980e-01
-1.170165999999999984e-01
-1.176162000000000041e-01
-1.182153999999999983e-01
-1.188142999999999977e-01
-1.194127999999999995e-01
-1.200110000000000066e-01
-1.206089000000000050e-01
-1.212064999999999948e-01
-1.218037000000000009e-01
-1.224005999999999983e-01
-1.229972000000000010e-01
-1.235934999999999950e-01
-1.241894999999999943e-01
-1.247850999999999960e-01
-1.253805000000000058e-01
-1.259755999999999931e-01
-1.265702999999999967e-01
-1.271647999999999945e-01
-1.277590000000000114e-01
-1.283528999999999920e-01
-1.289464999999999917e-01
-1.295398000000000105e-01
-1.301328999999999958e-01
-1.307257000000000002e-01
-1.313181999999999960e-01
-1.319104000000000110e-01
-1.325023999999999924e-01
-1.330940999999999930e-01
-1.336855000000000127e-01
-1.342766999999999988e-01
-1.348676000000000041e-01
-1.354583000000000037e-01
-1.360486999999999946e-01
-1.366389000000000076e-01
-1.372288999999999870e-01
-1.378186000000000133e-01
-1.384080000000000032e-01
-1.389972999999999903e-01
-1.395862999999999965e-01
-1.401749999999999940e-01
-1.407635999999999887e-01
-1.413519000000000025e-01
-1.419400000000000106e-01
-1.425278000000000100e-01
-1.431155000000000066e-01
-1.437028999999999945e-01
-1.442902000000000073e-01
-1.448772000000000115e-01
-1.454640000000000100e-01
-1.460506000000000026e-01
-1.466369999999999896e-01
-1.472231999999999985e-01
-1.478093000000000046e-01
-1.483951000000000020e-01
-1.489806999999999937e-01
-1.495662000000000103e-01
-1.501513999999999904e-01
-1.507364999999999955e-01
-1.513213999999999948e-01
-1.519060999999999884e-01
-1.524907000000000068e-01
-1.530749999999999889e-01
-1.536591999999999958e-01
-1.542431999999999970e-01
-1.548270999999999953e-01
-1.554107999999999878e-01
-1.559943000000000024e-01
-1.564589000000000119e-01
