1.596561000000000161e-02
1.602140000000000161e-02
1.607756999999999936e-02
1.613411999999999832e-02
1.619104999999999850e-02
1.624835999999999989e-02
1.630606000000000069e-02
1.636413000000000104e-02
1.642263000000000056e-02
1.648161999999999891e-02
1.654111999999999943e-02
1.660110000000000058e-02
1.666155000000000067e-02
1.672246999999999970e-02
1.678390000000000090e-02
1.684580999999999926e-02
1.690817999999999835e-02
1.697101999999999986e-02
1.703433999999999851e-02
1.709816000000000114e-02
1.716244000000000103e-02
1.722716999999999998e-02
1.729237999999999956e-02
1.735806999999999975e-02
1.742422999999999889e-02
1.749084000000000055e-02
1.755792999999999937e-02
1.762557000000000013e-02
1.769381000000000079e-02
1.776265999999999956e-02
1.783211000000000171e-02
1.790216000000000030e-02
1.797282000000000046e-02
1.804406999999999886e-02
1.811590999999999896e-02
1.818834000000000076e-02
1.826138000000000067e-02
1.833502000000000048e-02
1.840924999999999853e-02
1.848404999999999840e-02
1.855945999999999985e-02
1.863547000000000120e-02
1.871207999999999899e-02
1.878923999999999872e-02
1.886699000000000015e-02
1.894538999999999945e-02
1.902447999999999986e-02
1.910428999999999947e-02
1.918484000000000161e-02
1.926612999999999937e-02
1.934817000000000134e-02
1.943092999999999904e-02
1.951442999999999928e-02
1.959868000000000027e-02
1.968365999999999866e-02
1.976937999999999959e-02
1.985583000000000140e-02
1.994301999999999880e-02
2.003096000000000043e-02
2.011962999999999946e-02
2.020904000000000103e-02
2.029919000000000168e-02
2.039008000000000140e-02
2.048171999999999840e-02
2.057414000000000118e-02
2.066743000000000052e-02
2.076166999999999943e-02
2.085688999999999946e-02
2.095303999999999917e-02
2.105011999999999855e-02
2.114813000000000109e-02
2.124710999999999961e-02
2.134704999999999936e-02
2.144793000000000047e-02
2.154974999999999946e-02
2.165254000000000137e-02
2.175629000000000104e-02
2.186101000000000016e-02
2.196667000000000064e-02
2.207330000000000056e-02
2.218091000000000160e-02
2.228946999999999873e-02
2.239901000000000045e-02
2.250960000000000114e-02
2.262134999999999840e-02
2.273429999999999895e-02
2.284846000000000099e-02
2.296381000000000117e-02
2.308038000000000103e-02
2.319817999999999880e-02
2.331719999999999973e-02
2.343742999999999868e-02
2.355888000000000079e-02
2.368158999999999889e-02
2.380555000000000171e-02
2.393075000000000063e-02
2.405718000000000092e-02
2.418487000000000067e-02
2.431385000000000143e-02
2.444411000000000153e-02
2.457559999999999953e-02
2.470837999999999854e-02
2.484255000000000144e-02
2.497823000000000057e-02
2.511545999999999917e-02
2.525424000000000072e-02
2.539457000000000172e-02
2.553646999999999861e-02
2.567995000000000000e-02
2.582500999999999894e-02
2.597166000000000058e-02
2.611992000000000133e-02
2.626979000000000120e-02
2.642127000000000017e-02
2.657438000000000161e-02
2.672913000000000025e-02
2.688553000000000123e-02
2.704358000000000109e-02
2.720327000000000162e-02
2.736463000000000090e-02
2.752773000000000025e-02
2.769264999999999921e-02
2.785951000000000052e-02
2.802839999999999845e-02
2.819935000000000150e-02
2.837233000000000116e-02
2.854736000000000079e-02
2.872444000000000039e-02
2.890360000000000151e-02
2.908484999999999890e-02
2.926818999999999948e-02
2.945363999999999968e-02
2.964119999999999949e-02
2.983088999999999880e-02
3.002271999999999927e-02
3.021669999999999912e-02
3.041285000000000169e-02
3.061117000000000005e-02
3.081164000000000125e-02
3.101434000000000135e-02
3.121944999999999928e-02
3.142713999999999924e-02
3.163747000000000087e-02
3.185041000000000261e-02
3.206595000000000278e-02
3.228414000000000283e-02
3.250505000000000061e-02
3.272865999999999970e-02
3.295494999999999675e-02
3.318395999999999846e-02
3.341573999999999933e-02
3.365032999999999913e-02
3.388769999999999977e-02
3.412786999999999765e-02
3.437087999999999949e-02
3.461680000000000312e-02
3.486561999999999995e-02
3.511733999999999689e-02
3.537205000000000210e-02
3.562992000000000242e-02
3.589109000000000049e-02
3.615560999999999775e-02
3.642349999999999755e-02
3.669478999999999796e-02
3.696955999999999853e-02
3.724782000000000093e-02
3.752960000000000323e-02
3.781496000000000163e-02
3.810398000000000257e-02
3.839668999999999721e-02
3.869311000000000278e-02
3.899326999999999654e-02
3.929728999999999861e-02
3.960525000000000156e-02
3.991713000000000205e-02
4.023294000000000176e-02
4.055278999999999828e-02
4.087694000000000050e-02
4.120569999999999788e-02
4.153927000000000314e-02
4.187773999999999663e-02
4.222121999999999681e-02
4.256976999999999983e-02
4.292346999999999829e-02
4.328242000000000200e-02
4.364670999999999829e-02
4.401642000000000055e-02
4.439165999999999945e-02
4.477249999999999980e-02
4.515904999999999919e-02
4.555142999999999692e-02
4.594974000000000280e-02
4.635405000000000081e-02
4.676447000000000243e-02
4.718115999999999977e-02
4.760418999999999762e-02
4.803347000000000172e-02
4.846874999999999795e-02
4.890984000000000304e-02
4.935677000000000120e-02
4.980974999999999986e-02
5.026896000000000142e-02
5.073442999999999703e-02
5.120621000000000200e-02
5.168441000000000007e-02
5.216922999999999699e-02
5.266077999999999731e-02
5.315911000000000247e-02
5.366429000000000338e-02
5.417650999999999717e-02
5.469595000000000012e-02
5.522268000000000315e-02
5.575672999999999740e-02
5.629825000000000107e-02
5.684750000000000220e-02
5.740478999999999721e-02
5.797035999999999856e-02
5.854444999999999788e-02
5.912730000000000069e-02
5.971912000000000054e-02
6.031998000000000221e-02
6.092999000000000331e-02
6.154936999999999908e-02
6.217839000000000005e-02
6.281720999999999833e-02
6.346588000000000229e-02
6.412455000000000238e-02
6.479360000000000674e-02
6.547329000000000343e-02
6.616363000000000105e-02
6.686462999999999435e-02
6.757675000000000487e-02
6.830047000000000201e-02
6.903558999999999390e-02
6.978075000000000250e-02
7.053425000000000666e-02
7.129525000000000445e-02
7.206402000000000641e-02
7.284110000000000584e-02
7.362652000000000085e-02
7.442000000000000004e-02
7.522154999999999814e-02
7.603152000000000521e-02
7.685008999999999590e-02
7.767717000000000371e-02
7.851270000000000471e-02
7.935686999999999602e-02
8.020987999999999729e-02
8.107171999999999989e-02
8.194240999999999331e-02
8.282224000000000530e-02
8.371133999999999520e-02
8.460885999999999407e-02
8.551285000000000136e-02
8.642125999999999975e-02
8.733290999999999971e-02
8.824769000000000363e-02
8.916577000000000530e-02
9.008708999999999467e-02
9.101143000000000427e-02
9.193866000000000538e-02
9.286872000000000182e-02
9.380146000000000317e-02
9.473673000000000510e-02
9.567446000000000284e-02
9.661466000000000498e-02
9.755719000000000196e-02
9.850179000000000573e-02
9.944838000000000289e-02
1.003972000000000059e-01
1.013481999999999994e-01
1.023006999999999944e-01
1.032532000000000033e-01
1.042045999999999945e-01
1.051542000000000032e-01
1.061023999999999995e-01
1.070491999999999971e-01
1.079943000000000014e-01
1.089375000000000066e-01
1.098786999999999958e-01
1.108182999999999946e-01
1.117560999999999971e-01
1.126920000000000005e-01
1.136256999999999961e-01
1.145576999999999984e-01
1.154880999999999963e-01
1.164168000000000008e-01
1.173436999999999952e-01
1.182694999999999996e-01
1.191938000000000025e-01
1.201123999999999942e-01
1.210169999999999996e-01
1.218993000000000021e-01
1.227555000000000035e-01
1.235866999999999938e-01
1.243950999999999946e-01
1.251809999999999867e-01
1.259428999999999965e-01
1.266807000000000072e-01
1.273955999999999977e-01
1.280882999999999883e-01
1.287590000000000123e-01
1.294076000000000115e-01
1.300350000000000117e-01
1.306422999999999890e-01
1.312297000000000047e-01
1.317982000000000042e-01
1.323493000000000031e-01
1.328840000000000021e-01
1.333995000000000042e-01
1.338907000000000014e-01
1.343547999999999965e-01
1.347932000000000019e-01
1.352092000000000016e-01
1.356041000000000052e-01
1.359778000000000098e-01
1.363315999999999972e-01
1.366690999999999878e-01
1.369931000000000065e-01
1.373040000000000094e-01
1.376022000000000078e-01
1.378910000000000136e-01
1.381747999999999865e-01
1.384550999999999976e-01
1.387311999999999990e-01
1.390058000000000127e-01
1.392845000000000055e-01
1.395681000000000005e-01
1.398449999999999971e-01
1.400968999999999964e-01
1.403120999999999952e-01
1.404930000000000068e-01
1.406494000000000077e-01
1.407884000000000080e-01
1.409121000000000123e-01
1.410231000000000123e-01
1.411273000000000111e-01
1.412316000000000127e-01
1.413407000000000135e-01
1.414584999999999870e-01
1.415908999999999918e-01
1.417438000000000031e-01
1.419215000000000060e-01
1.421289000000000025e-01
1.423746999999999929e-01
1.426667000000000074e-01
1.430029999999999912e-01
1.433703000000000061e-01
1.437547999999999881e-01
1.441552000000000111e-01
1.445822999999999969e-01
1.450482999999999911e-01
1.455603000000000036e-01
1.461253999999999886e-01
1.467553000000000052e-01
1.474634999999999974e-01
1.482583000000000095e-01
1.491449999999999998e-01
1.501350999999999936e-01
1.512435000000000029e-01
1.524807999999999997e-01
1.538518000000000108e-01
1.553646999999999945e-01
1.570357000000000003e-01
1.588793000000000011e-01
1.608955999999999997e-01
1.630693000000000004e-01
1.653777999999999915e-01
1.678216999999999903e-01
1.704212999999999978e-01
1.731993000000000005e-01
1.761642999999999959e-01
1.793204999999999938e-01
1.826724000000000125e-01
1.862234999999999863e-01
1.899696999999999913e-01
1.938996000000000053e-01
1.979767000000000055e-01
2.021734000000000031e-01
2.064387000000000028e-01
2.107103999999999921e-01
2.148991000000000096e-01
2.189291999999999905e-01
2.226947999999999983e-01
2.261058999999999986e-01
2.290548000000000028e-01
2.314584000000000086e-01
2.332893000000000050e-01
2.345407999999999937e-01
2.352287999999999879e-01
2.356745000000000090e-01
2.350474999999999925e-01
2.342807000000000084e-01
2.330946000000000129e-01
2.325228000000000017e-01
2.297574000000000005e-01
2.277013999999999982e-01
2.253663999999999945e-01
2.229151000000000049e-01
2.202594999999999970e-01
2.175024999999999875e-01
2.149307000000000023e-01
2.117007999999999945e-01
2.086951999999999974e-01
2.058580999999999883e-01
2.024581000000000020e-01
1.994750999999999885e-01
1.959786000000000028e-01
1.926966999999999985e-01
1.897230000000000028e-01
1.861211999999999867e-01
1.828004000000000018e-01
1.795208000000000081e-01
1.762993999999999950e-01
1.730838000000000099e-01
1.697916999999999899e-01
1.666107000000000005e-01
1.637433000000000083e-01
1.603430000000000133e-01
1.573951000000000100e-01
1.545678000000000052e-01
1.512296999999999947e-01
1.482661000000000118e-01
1.456960999999999951e-01
1.426022999999999874e-01
1.395099999999999951e-01
1.366399000000000086e-01
1.338692999999999966e-01
1.309906999999999877e-01
1.282153000000000043e-01
1.256576000000000082e-01
1.231547999999999948e-01
1.201238000000000028e-01
1.175068999999999975e-01
1.149286000000000058e-01
1.123938000000000020e-01
1.098997000000000029e-01
1.074439999999999978e-01
1.052786000000000000e-01
1.027195999999999942e-01
1.003306999999999949e-01
9.803502999999999523e-02
9.586419000000000190e-02
9.352628000000000330e-02
9.153825999999999630e-02
8.913086000000000619e-02
8.722478999999999649e-02
8.486230000000000162e-02
8.294846000000000164e-02
8.072732999999999992e-02
7.873442999999999414e-02
7.701669999999999350e-02
7.479615000000000569e-02
7.291675000000000240e-02
7.125123999999999347e-02
6.918889000000000289e-02
6.739240999999999981e-02
6.569294000000000522e-02
6.411086000000000562e-02
6.221216999999999719e-02
6.055167000000000188e-02
5.892084000000000210e-02
5.734490999999999894e-02
5.585910000000000181e-02
5.439300999999999858e-02
5.267340999999999690e-02
5.118529000000000134e-02
4.972875000000000212e-02
4.830154999999999865e-02
4.690521999999999747e-02
4.553961000000000120e-02
4.422278000000000320e-02
4.295356000000000174e-02
4.170994000000000090e-02
4.049181999999999781e-02
3.929925000000000085e-02
3.813264999999999710e-02
3.699209999999999998e-02
3.587661999999999796e-02
3.478445000000000148e-02
3.351566999999999741e-02
3.246125999999999873e-02
3.143109000000000181e-02
3.042548000000000127e-02
2.944443000000000060e-02
2.848774000000000098e-02
2.755532000000000120e-02
2.664744000000000140e-02
2.576354000000000144e-02
2.490347000000000047e-02
2.406662999999999858e-02
2.325326000000000129e-02
2.246286999999999937e-02
2.169470000000000079e-02
2.094860000000000125e-02
2.022399999999999892e-02
1.952103000000000171e-02
1.883858000000000060e-02
1.817575000000000093e-02
1.753110999999999906e-02
1.690438000000000010e-02
1.629554999999999892e-02
1.570476000000000164e-02
1.524194000000000070e-02
1.468007999999999987e-02
1.413546000000000073e-02
1.360795000000000060e-02
1.309725999999999946e-02
1.260302999999999944e-02
1.212489999999999922e-02
1.166256000000000063e-02
1.121566000000000056e-02
1.078380999999999958e-02
1.036664999999999982e-02
9.963878000000000665e-03
9.575089000000000169e-03
9.199673999999999699e-03
8.836916999999999689e-03
8.486234999999999959e-03
8.147305000000000519e-03
7.819961999999999747e-03
7.504021999999999949e-03
7.199231999999999854e-03
6.905335999999999766e-03
6.622099000000000214e-03
6.349266999999999585e-03
6.086537999999999844e-03
5.833618999999999957e-03
5.590254999999999704e-03
5.356197000000000041e-03
5.131141999999999995e-03
4.914767999999999915e-03
4.706812000000000322e-03
4.507058000000000418e-03
4.315239999999999701e-03
4.130959000000000020e-03
3.953764999999999710e-03
3.783304999999999828e-03
3.619380000000000167e-03
3.461866999999999982e-03
3.310614999999999825e-03
3.165411999999999827e-03
3.026303000000000153e-03
2.893044999999999905e-03
2.765253999999999976e-03
2.642755000000000104e-03
2.525337999999999802e-03
2.412819000000000075e-03
2.305049999999999894e-03
2.201859999999999928e-03
2.103068999999999945e-03
2.008512000000000058e-03
1.918041000000000103e-03
1.831488000000000040e-03
1.748643999999999936e-03
1.669286000000000077e-03
1.593224000000000072e-03
1.520340000000000016e-03
1.450546999999999948e-03
1.383756000000000092e-03
1.319859999999999957e-03
1.258755999999999981e-03
1.200335999999999981e-03
1.144519000000000092e-03
1.091195000000000099e-03
1.040261999999999914e-03
9.916468999999999805e-04
9.452377999999999779e-04
9.009482000000000081e-04
8.586934999999999533e-04
8.183819999999999853e-04
7.799495000000000039e-04
7.433099000000000303e-04
7.083376999999999859e-04
6.749234999999999696e-04
6.429838999999999477e-04
6.124754999999999739e-04
5.833532999999999904e-04
5.555637000000000422e-04
5.290492999999999628e-04
5.037591000000000334e-04
4.796522000000000220e-04
4.566805999999999860e-04
4.347935999999999837e-04
4.139403000000000049e-04
3.940818000000000120e-04
3.751773000000000239e-04
3.571817000000000026e-04
3.400518000000000160e-04
3.237482999999999984e-04
3.082372999999999905e-04
2.934797999999999747e-04
2.794240999999999934e-04
2.660184999999999807e-04
2.532260999999999844e-04
2.410233000000000069e-04
2.293929000000000107e-04
2.183135999999999963e-04
2.077609000000000118e-04
1.977125999999999949e-04
1.881483000000000092e-04
1.790473999999999961e-04
1.703890000000000114e-04
1.621535999999999919e-04
1.543228000000000058e-04
1.468774000000000110e-04
1.397985999999999934e-04
1.330690999999999894e-04
1.266751000000000097e-04
1.206012000000000067e-04
1.148266999999999962e-04
1.093274999999999998e-04
1.040829999999999994e-04
9.908020999999999441e-05
9.431133999999999546e-05
8.976848000000000488e-05
8.544183000000000116e-05
8.132197000000000297e-05
7.740104000000000255e-05
7.367158000000000658e-05
7.012479999999999647e-05
6.675162000000000109e-05
6.354433999999999679e-05
6.049636000000000298e-05
5.760053000000000059e-05
5.484863999999999804e-05
5.223325999999999734e-05
4.974873000000000234e-05
4.738952999999999959e-05
4.514765999999999864e-05
4.301313999999999930e-05
4.097706000000000167e-05
3.903406999999999743e-05
3.718160000000000329e-05
3.541717000000000162e-05
3.373713000000000135e-05
3.213745999999999910e-05
3.061479999999999697e-05
2.916622000000000008e-05
2.778858999999999952e-05
2.647851000000000138e-05
2.523282999999999876e-05
2.404872000000000037e-05
2.292326999999999914e-05
2.185352999999999878e-05
2.083695000000000046e-05
1.987131999999999866e-05
1.895391999999999962e-05
1.808091999999999967e-05
1.724800000000000156e-05
1.645186999999999873e-05
1.569077000000000021e-05
1.496387000000000044e-05
1.427017999999999963e-05
1.360845000000000013e-05
1.297748999999999999e-05
1.237627000000000001e-05
1.180368999999999947e-05
1.125842000000000020e-05
1.073920999999999945e-05
1.024509000000000053e-05
9.775117999999999877e-06
9.328077999999999495e-06
8.902689999999999630e-06
8.498004999999999285e-06
8.113343000000000020e-06
7.747742000000000265e-06
7.399624000000000086e-06
7.067217999999999935e-06
6.749256999999999778e-06
6.445206999999999700e-06
6.154841999999999812e-06
5.877776000000000050e-06
5.613413000000000053e-06
5.361202000000000072e-06
5.120734999999999855e-06
4.891613999999999851e-06
4.673338000000000419e-06
4.465384000000000037e-06
4.267308000000000005e-06
4.078710999999999683e-06
3.899159999999999612e-06
3.728200999999999967e-06
3.565453000000000183e-06
3.410574000000000137e-06
3.263077000000000149e-06
3.122229999999999920e-06
2.987220999999999906e-06
2.857468000000000134e-06
2.732757000000000202e-06
2.613100000000000020e-06
2.498485000000000101e-06
2.388787000000000173e-06
2.283830000000000036e-06
2.183474999999999877e-06
2.087596999999999843e-06
1.996053000000000013e-06
1.908674000000000168e-06
1.825307999999999923e-06
1.745803999999999980e-06
1.669998000000000049e-06
1.597720999999999911e-06
1.528837000000000047e-06
1.463225999999999897e-06
1.400713999999999952e-06
1.341034000000000042e-06
1.283913000000000043e-06
1.229180999999999921e-06
1.176787999999999989e-06
1.126704000000000055e-06
1.078843000000000074e-06
1.033090000000000048e-06
9.893662000000000041e-07
9.476249999999999903e-07
9.077986000000000196e-07
8.697827999999999896e-07
8.334829999999999997e-07
7.988430000000000018e-07
7.658117000000000255e-07
7.343048000000000519e-07
7.042283000000000274e-07
6.755246000000000137e-07
6.481525999999999987e-07
6.220108999999999784e-07
5.969072000000000234e-07
5.726371999999999788e-07
5.490950999999999734e-07
5.262960999999999821e-07
5.042987999999999708e-07
4.831255000000000469e-07
4.627557000000000149e-07
4.431683999999999835e-07
4.243612999999999739e-07
4.063337999999999800e-07
3.890677999999999894e-07
3.725356999999999919e-07
3.567161000000000214e-07
3.415932999999999834e-07
3.271468000000000003e-07
3.133491000000000011e-07
3.001732999999999738e-07
2.875969999999999779e-07
2.755986000000000099e-07
2.641528999999999777e-07
2.532338000000000186e-07
2.428179999999999976e-07
2.328844999999999967e-07
2.234111999999999988e-07
2.143751999999999965e-07
2.057550999999999973e-07
1.975316000000000031e-07
1.896859999999999953e-07
1.821993999999999976e-07
1.750532000000000101e-07
1.682309000000000006e-07
1.617168000000000072e-07
1.554954999999999910e-07
1.495519999999999881e-07
1.438721999999999904e-07
1.384432999999999940e-07
1.332528999999999901e-07
1.282889999999999916e-07
1.235400999999999986e-07
1.189956999999999993e-07
1.146459000000000009e-07
1.104812000000000060e-07
1.064921999999999959e-07
1.026707000000000036e-07
9.900840000000000399e-08
9.549783000000000460e-08
9.213166000000000484e-08
8.890303000000000169e-08
8.580548999999999710e-08
8.283290000000000582e-08
7.997943000000000244e-08
7.723959000000000376e-08
7.460816999999999673e-08
7.208020000000000510e-08
6.965100000000000608e-08
6.731612000000000390e-08
6.507138000000000282e-08
6.291277999999999830e-08
6.083648999999999368e-08
5.883888999999999967e-08
5.691659999999999761e-08
5.506636999999999707e-08
5.328504999999999975e-08
5.156972000000000129e-08
4.991760000000000224e-08
4.832603000000000171e-08
4.679244999999999758e-08
4.531441999999999953e-08
4.388968000000000182e-08
4.251604999999999775e-08
4.119142999999999948e-08
3.991377999999999863e-08
3.868123000000000126e-08
3.749200000000000247e-08
3.634434000000000025e-08
3.523657999999999828e-08
3.416712000000000267e-08
3.313451000000000121e-08
3.213728999999999832e-08
3.117407999999999747e-08
3.024354000000000163e-08
2.934442999999999934e-08
2.847557000000000158e-08
2.763578999999999934e-08
2.682396999999999955e-08
2.603905999999999838e-08
2.528007000000000119e-08
2.454602999999999987e-08
2.383600999999999904e-08
2.314908999999999993e-08
2.248443999999999934e-08
2.184128000000000008e-08
2.121878999999999885e-08
2.061621000000000154e-08
2.003283000000000019e-08
1.946797999999999960e-08
1.892099000000000127e-08
1.839120999999999981e-08
1.787802999999999932e-08
1.738087000000000018e-08
1.689917999999999913e-08
1.643239999999999963e-08
1.598001000000000136e-08
1.554151000000000044e-08
1.511643999999999914e-08
1.470432999999999982e-08
1.430472999999999967e-08
1.391720000000000070e-08
1.354135999999999924e-08
1.317681000000000012e-08
1.282314999999999992e-08
1.248001999999999967e-08
1.214707000000000032e-08
1.182399000000000065e-08
1.151042000000000005e-08
1.120605000000000061e-08
1.091057999999999935e-08
1.062372999999999967e-08
1.034521000000000010e-08
1.007476000000000048e-08
9.812095999999999614e-09
9.556986999999999973e-09
9.309195000000000132e-09
9.068474999999999748e-09
8.834598000000000267e-09
8.607353000000000603e-09
8.386537000000000567e-09
8.171944000000000665e-09
7.963371000000000707e-09
7.760633999999999942e-09
7.563559000000000806e-09
7.371970999999999626e-09
7.185693000000000365e-09
7.004558999999999737e-09
6.828418000000000066e-09
6.657119999999999858e-09
6.490513999999999782e-09
6.328453999999999620e-09
6.170803000000000368e-09
6.017436000000000230e-09
5.868222999999999951e-09
5.723032999999999959e-09
5.581747000000000371e-09
5.444253000000000225e-09
5.310442999999999836e-09
5.180201000000000277e-09
5.053422000000000336e-09
4.930005000000000079e-09
4.809857999999999956e-09
4.692883999999999653e-09
4.578985000000000189e-09
4.468072999999999983e-09
4.360066999999999684e-09
4.254884999999999623e-09
4.152440000000000190e-09
4.052653000000000191e-09
3.955453000000000155e-09
3.860768000000000290e-09
3.768524000000000169e-09
3.678649999999999906e-09
3.591080999999999875e-09
3.505755000000000163e-09
3.422609000000000128e-09
3.341579000000000047e-09
3.262606000000000138e-09
3.185636000000000144e-09
3.110614999999999810e-09
3.037485999999999989e-09
2.966196999999999823e-09
2.896697999999999916e-09
2.828942000000000176e-09
2.762882000000000096e-09
2.698469000000000187e-09
2.635658000000000164e-09
2.574409000000000100e-09
2.514678999999999935e-09
2.456426999999999835e-09
2.399611000000000059e-09
2.344194999999999886e-09
2.290142999999999833e-09
2.237417000000000195e-09
2.185980999999999836e-09
2.135800999999999912e-09
2.086846000000000054e-09
2.039083999999999987e-09
1.992481000000000039e-09
1.947005999999999842e-09
1.902633000000000206e-09
1.859332000000000047e-09
1.817076000000000064e-09
1.775834000000000094e-09
1.735583999999999949e-09
1.696298999999999914e-09
1.657954999999999989e-09
1.620525000000000047e-09
1.583988000000000011e-09
1.548320999999999993e-09
1.513502000000000012e-09
1.479509000000000086e-09
1.446320000000000027e-09
1.413915999999999980e-09
1.382276999999999982e-09
1.351383999999999973e-09
1.321216999999999988e-09
1.291758000000000080e-09
1.262989999999999999e-09
1.234895999999999910e-09
1.207458000000000071e-09
1.180659999999999933e-09
1.154485999999999977e-09
1.128922000000000085e-09
1.103951999999999912e-09
1.079559999999999941e-09
1.055732000000000051e-09
1.032457000000000046e-09
1.009718000000000090e-09
9.875038999999999528e-10
9.658005000000000709e-10
9.445963000000000874e-10
9.238793000000000027e-10
9.036369000000000396e-10
8.838573999999999840e-10
8.645301000000000439e-10
8.456444000000000458e-10
8.271894000000000304e-10
8.091539999999999750e-10
7.915284999999999928e-10
7.743034999999999825e-10
7.574693999999999858e-10
7.410162999999999488e-10
7.249349000000000088e-10
7.092170000000000336e-10
6.938539999999999699e-10
6.788371000000000111e-10
6.641578000000000327e-10
6.498083999999999581e-10
6.357813999999999817e-10
6.220691000000000268e-10
6.086635999999999536e-10
5.955577000000000516e-10
5.827449000000000067e-10
5.702182999999999974e-10
5.579708000000000353e-10
5.459956999999999491e-10
5.342871000000000295e-10
5.228387999999999544e-10
5.116444999999999903e-10
5.006981999999999823e-10
4.899941999999999746e-10
4.795272000000000354e-10
4.692915000000000022e-10
4.592817000000000147e-10
4.494924000000000059e-10
4.399187999999999967e-10
4.305561000000000079e-10
4.213992000000000165e-10
4.124430999999999796e-10
4.036836000000000059e-10
3.951161000000000249e-10
3.867363999999999902e-10
3.785396999999999744e-10
3.705220999999999752e-10
3.626796999999999899e-10
3.550084000000000042e-10
3.475041999999999837e-10
3.401633000000000096e-10
3.329819999999999881e-10
3.259570000000000046e-10
3.190844999999999852e-10
3.123609000000000230e-10
3.057831000000000088e-10
2.993476999999999960e-10
2.930517000000000107e-10
2.868917000000000031e-10
2.808646999999999990e-10
2.749678000000000046e-10
2.691980999999999743e-10
2.635527000000000178e-10
2.580288000000000179e-10
2.526236999999999928e-10
2.473347999999999926e-10
2.421595999999999958e-10
2.370952999999999888e-10
2.321395000000000078e-10
2.272899999999999978e-10
2.225443999999999951e-10
2.179003000000000101e-10
2.133554000000000075e-10
2.089075999999999901e-10
2.045548000000000121e-10
2.002948999999999987e-10
1.961256999999999982e-10
1.920451999999999936e-10
1.880517000000000114e-10
1.841432000000000089e-10
1.803176999999999945e-10
1.765733999999999891e-10
1.729085999999999937e-10
1.693215000000000031e-10
1.658106000000000044e-10
1.623739000000000063e-10
1.590100000000000020e-10
1.557172999999999985e-10
1.524942000000000027e-10
1.493392000000000017e-10
1.462508000000000085e-10
1.432275000000000102e-10
1.402681999999999923e-10
1.373712999999999876e-10
1.345354999999999952e-10
1.317595999999999945e-10
1.290423000000000105e-10
1.263822000000000105e-10
1.237782000000000059e-10
1.212289999999999957e-10
1.187334999999999912e-10
1.162904999999999977e-10
1.138987999999999945e-10
1.115573999999999988e-10
1.092651999999999961e-10
1.070210999999999976e-10
1.048240999999999948e-10
1.026730999999999988e-10
1.005673000000000002e-10
9.850552999999999577e-11
9.648697999999999606e-11
9.451067000000000405e-11
9.257570999999999712e-11
9.068119999999999856e-11
8.882628999999999591e-11
8.701011999999999680e-11
8.523187000000000607e-11
8.349072000000000273e-11
8.178589000000000180e-11
8.011660000000000539e-11
7.848209000000000128e-11
7.688162000000000174e-11
7.531445999999999895e-11
7.377991000000000243e-11
7.227726999999999581e-11
7.080587000000000594e-11
6.936503000000000216e-11
6.795411999999999560e-11
6.657248999999999879e-11
6.521952000000000279e-11
6.389460999999999728e-11
6.259715999999999780e-11
6.132659000000000556e-11
6.008233000000000174e-11
5.886381999999999908e-11
5.767052000000000254e-11
5.650189999999999697e-11
5.535742999999999952e-11
5.423660000000000015e-11
5.313892999999999964e-11
5.206390000000000154e-11
5.101105999999999812e-11
4.997993000000000310e-11
4.897005000000000296e-11
4.798098000000000221e-11
4.701227999999999888e-11
4.606350999999999746e-11
4.513426999999999969e-11
4.422415000000000155e-11
4.333272999999999968e-11
4.245963000000000090e-11
4.160445999999999981e-11
4.076685000000000254e-11
3.994643000000000228e-11
3.914282999999999872e-11
3.835572000000000168e-11
3.758472999999999792e-11
3.682954000000000303e-11
3.608981000000000170e-11
3.536523000000000238e-11
3.465547000000000197e-11
3.396022000000000249e-11
3.327918999999999807e-11
3.261206999999999717e-11
3.195857999999999972e-11
3.131842999999999987e-11
3.069134999999999685e-11
3.007704999999999774e-11
2.947528999999999971e-11
2.888578000000000013e-11
2.830828999999999872e-11
2.774256000000000049e-11
2.718834000000000005e-11
2.664540999999999965e-11
2.611351000000000108e-11
2.559242999999999943e-11
2.508194000000000086e-11
2.458183000000000048e-11
2.409185999999999868e-11
2.361185000000000142e-11
2.314156999999999870e-11
2.268083000000000040e-11
2.222943000000000093e-11
2.178718000000000047e-11
2.135388999999999919e-11
2.092937000000000051e-11
2.051345000000000000e-11
2.010594000000000106e-11
1.970666999999999927e-11
1.931547999999999920e-11
1.893219000000000033e-11
1.855665000000000010e-11
1.818869000000000052e-11
1.782814999999999972e-11
1.747489000000000088e-11
1.712876000000000142e-11
1.678960999999999877e-11
1.645729000000000004e-11
1.613165999999999874e-11
1.581259999999999989e-11
1.549996000000000093e-11
1.519359999999999859e-11
1.489341999999999976e-11
1.459925999999999933e-11
1.431101999999999934e-11
1.402857999999999999e-11
1.375179999999999962e-11
1.348058000000000030e-11
1.321480999999999991e-11
1.295435999999999934e-11
1.269913999999999995e-11
1.244903999999999963e-11
1.220394999999999951e-11
1.196377000000000002e-11
1.172839999999999999e-11
1.149773999999999984e-11
1.127169000000000001e-11
1.105016999999999955e-11
1.083308000000000053e-11
1.062032000000000013e-11
1.041181999999999996e-11
1.020748000000000045e-11
1.000722000000000065e-11
9.810959000000000665e-12
9.618611999999999890e-12
9.430102000000000726e-12
9.245349000000000615e-12
9.064279000000000458e-12
8.886816000000000006e-12
8.712887999999999699e-12
8.542421000000000442e-12
8.375348000000000715e-12
8.211597999999999924e-12
8.051103999999999780e-12
7.893800999999999920e-12
7.739622999999999403e-12
7.588509000000000174e-12
7.440394999999999216e-12
7.295221999999999629e-12
7.152929000000000126e-12
7.013459000000000115e-12
6.876754000000000043e-12
6.742760000000000240e-12
6.611420000000000115e-12
6.482683000000000116e-12
6.356493999999999996e-12
6.232802999999999973e-12
6.111560000000000264e-12
5.992716000000000049e-12
5.876221000000000352e-12
5.762028999999999661e-12
5.650092999999999924e-12
5.540368999999999977e-12
5.432810999999999922e-12
5.327376999999999747e-12
5.224022999999999903e-12
5.122708000000000148e-12
5.023389999999999661e-12
4.926030999999999935e-12
4.830589000000000148e-12
4.737029000000000292e-12
4.645310000000000125e-12
4.555396999999999638e-12
4.467253000000000090e-12
4.380843999999999624e-12
4.296133000000000310e-12
4.213087999999999829e-12
4.131675000000000366e-12
4.051860999999999834e-12
3.973614999999999725e-12
3.896905000000000145e-12
3.821700000000000164e-12
3.747970000000000235e-12
3.675687000000000350e-12
3.604821000000000155e-12
3.535344000000000046e-12
3.467228000000000016e-12
3.400445999999999827e-12
3.334971000000000048e-12
3.270777999999999980e-12
3.207840999999999963e-12
3.146135999999999874e-12
3.085635999999999879e-12
3.026318999999999800e-12
2.968162000000000091e-12
2.911140000000000054e-12
2.855232000000000086e-12
2.800414999999999836e-12
2.746668000000000106e-12
2.693968999999999908e-12
2.642297999999999815e-12
2.591634999999999993e-12
2.541957999999999860e-12
2.493250000000000105e-12
2.445489999999999912e-12
2.398660000000000202e-12
2.352741999999999872e-12
2.307717000000000071e-12
2.263567000000000103e-12
2.220276000000000020e-12
2.177827000000000107e-12
2.136202000000000069e-12
2.095386000000000135e-12
2.055362999999999953e-12
2.016115999999999807e-12
1.977631999999999868e-12
1.939892999999999840e-12
1.902887000000000069e-12
1.866598000000000202e-12
1.831013000000000005e-12
1.796115999999999937e-12
1.761895999999999907e-12
1.728338999999999912e-12
1.695429999999999976e-12
1.663158999999999982e-12
1.631511999999999925e-12
1.600476999999999947e-12
1.570041999999999986e-12
1.540194999999999982e-12
1.510924000000000076e-12
1.482218999999999947e-12
1.454067999999999939e-12
1.426460999999999934e-12
1.399386000000000072e-12
1.372833000000000033e-12
1.346793000000000075e-12
1.321253999999999936e-12
1.296207000000000073e-12
1.271642999999999936e-12
1.247552000000000014e-12
1.223924999999999957e-12
1.200752000000000052e-12
1.178026000000000094e-12
1.155735999999999994e-12
1.133874999999999952e-12
1.112434000000000024e-12
1.091405000000000033e-12
1.070780999999999979e-12
1.050551999999999945e-12
1.030710999999999928e-12
1.011251999999999900e-12
9.921651000000000008e-13
9.734448000000000851e-13
9.550833999999999489e-13
9.370738999999999942e-13
9.194094999999999306e-13
9.020835000000000305e-13
8.850891999999999603e-13
8.684203000000000210e-13
8.520703999999999515e-13
8.360331999999999520e-13
8.203028000000000496e-13
8.048730999999999543e-13
7.897384000000000108e-13
7.748928000000000442e-13
7.603308000000000099e-13
7.460468999999999641e-13
7.320355999999999630e-13
7.182917999999999908e-13
7.048100999999999595e-13
6.915855999999999688e-13
6.786132000000000028e-13
6.658881000000000169e-13
6.534054000000000100e-13
6.411604999999999517e-13
6.291488000000000141e-13
6.173656999999999651e-13
6.058069000000000487e-13
5.944680000000000475e-13
5.833447000000000034e-13
5.724330000000000308e-13
5.617285999999999699e-13
5.512275999999999927e-13
5.409260999999999684e-13
5.308203000000000257e-13
5.209063000000000339e-13
5.111803999999999773e-13
5.016390999999999562e-13
4.922786999999999550e-13
4.830958000000000305e-13
4.740870000000000377e-13
4.652489000000000331e-13
4.565782000000000305e-13
4.480717000000000001e-13
4.397262000000000131e-13
4.315388000000000110e-13
4.235062000000000074e-13
4.156254999999999944e-13
4.078939000000000216e-13
4.003084000000000232e-13
3.928661999999999987e-13
3.855647000000000121e-13
3.784010000000000049e-13
3.713725999999999982e-13
3.644769000000000057e-13
3.577112999999999906e-13
3.510733000000000243e-13
3.445603999999999764e-13
3.381703999999999905e-13
3.319006999999999794e-13
3.257491999999999929e-13
3.197136000000000161e-13
3.137915999999999834e-13
3.079809999999999879e-13
3.022797999999999859e-13
2.966858999999999768e-13
2.911971000000000033e-13
2.858114999999999782e-13
2.805272000000000166e-13
2.753421000000000168e-13
2.702545000000000073e-13
2.652622999999999874e-13
2.603638999999999928e-13
2.555573999999999870e-13
2.508410999999999983e-13
2.462131999999999974e-13
2.416721000000000199e-13
2.372160999999999933e-13
2.328436000000000036e-13
2.285529999999999855e-13
2.243428000000000071e-13
2.202114000000000031e-13
2.161572999999999912e-13
2.121789999999999888e-13
2.082752000000000030e-13
2.044442999999999935e-13
2.006850999999999998e-13
1.969960999999999890e-13
1.933761000000000003e-13
1.898236000000000011e-13
1.863375000000000125e-13
1.829164000000000091e-13
1.795592000000000120e-13
1.762646000000000030e-13
1.730313999999999962e-13
1.698584999999999875e-13
1.667446999999999913e-13
1.636890000000000106e-13
1.606902000000000093e-13
1.577472000000000086e-13
1.548589000000000047e-13
1.520244999999999900e-13
1.492426999999999968e-13
1.465126999999999922e-13
1.438335000000000050e-13
1.412040000000000060e-13
1.386234999999999949e-13
1.360908000000000112e-13
1.336052000000000041e-13
1.311657000000000022e-13
1.287714999999999981e-13
1.264217000000000024e-13
1.241155000000000077e-13
1.218521000000000064e-13
1.196306000000000093e-13
1.174502999999999908e-13
1.153105000000000013e-13
1.132103000000000008e-13
1.115657999999999970e-13
