1.624480787518099767e+00
1.627177894105984679e+00
1.629889427027170656e+00
1.632615314401632434e+00
1.635356252867446791e+00
1.638111399747459673e+00
1.640881449301758943e+00
1.643666326184494375e+00
1.646465573541122218e+00
1.649280261096826683e+00
1.652109929622823659e+00
1.654955261593002547e+00
1.657816176357232107e+00
1.660692971728200407e+00
1.663585943009440848e+00
1.666495005958679831e+00
1.669420829192385769e+00
1.672362573329422064e+00
1.675321279633027238e+00
1.678296858394279001e+00
1.681289220029556386e+00
1.684298648133034426e+00
1.687324679012479178e+00
1.690368338618590149e+00
1.693428789830699221e+00
1.696507052854667741e+00
1.699602291538977017e+00
1.702714782317127362e+00
1.705845167419925756e+00
1.708993716169711519e+00
1.712160328361278072e+00
1.715345636542080276e+00
1.718549536753836371e+00
1.721772655058424473e+00
1.725014883731234905e+00
1.728276842323878792e+00
1.731558056469955531e+00
1.734859141258288107e+00
1.738180344956864909e+00
1.741521552461172018e+00
1.744883008949803971e+00
1.748264597622230410e+00
1.751666919278144663e+00
1.755089495344086536e+00
1.758532922152629574e+00
1.761997077459523275e+00
1.765482195137614285e+00
1.768988506477023437e+00
1.772516594661293299e+00
1.776066329913807529e+00
1.779638288819790803e+00
1.783233042527977874e+00
1.786850453463849853e+00
1.790490735220829244e+00
1.794154098789630503e+00
1.797841102042698536e+00
1.801551599839162243e+00
1.805285795354163891e+00
1.809044236480036538e+00
1.812826772415227827e+00
1.816633598521149251e+00
1.820464907558001499e+00
1.824320889686148917e+00
1.828201388786585113e+00
1.832106934971889922e+00
1.836037368404561443e+00
1.839993554034889733e+00
1.843975666852778250e+00
1.847984219255586424e+00
1.852019378825340068e+00
1.856081987584894621e+00
1.860171865687458626e+00
1.864289507719475436e+00
1.868435402684424318e+00
1.872609698460138805e+00
1.876812875103546219e+00
1.881045073038913884e+00
1.885306430093694807e+00
1.889597081506393383e+00
1.893917823446861881e+00
1.898268119447890312e+00
1.902648757489478371e+00
1.907059857948574688e+00
1.911501209934217460e+00
1.915973586882360191e+00
1.920477753545367872e+00
1.925013486777532590e+00
1.929581866471929308e+00
1.934183311002990235e+00
1.938817909022928498e+00
1.943486716528361802e+00
1.948189487571716061e+00
1.952926941989250098e+00
1.957699469883957821e+00
1.962507455697533709e+00
1.967351278210131449e+00
1.972230991958316304e+00
1.977146966778157822e+00
1.982099883856456302e+00
1.987089466952106642e+00
1.992116702167070930e+00
1.997181305171559229e+00
2.002283620011767962e+00
2.007424298120894068e+00
2.012603982107298961e+00
2.017822994359399491e+00
2.023082272807642745e+00
2.028382123766942602e+00
2.033723465842896871e+00
2.039106281117748942e+00
2.044531471287974966e+00
2.049999006423284253e+00
2.055509771319646184e+00
2.061064028923742963e+00
2.066662340646414187e+00
2.072304652650242218e+00
2.077991513621682440e+00
2.083723161886891884e+00
2.089500130990078475e+00
2.095322345939100384e+00
2.101190626736350264e+00
2.107104886692519496e+00
2.113065631782250264e+00
2.119073952262514826e+00
2.125130035930057115e+00
2.131234654872943945e+00
2.137388569086971835e+00
2.143591940244919059e+00
2.149845801534305156e+00
2.156150296434105051e+00
2.162505853751328200e+00
2.168912893680498666e+00
2.175371827830432370e+00
2.181883059252799129e+00
2.188446982472459723e+00
2.195063697278011983e+00
2.201733583840367103e+00
2.208457013915414269e+00
2.215234350881171821e+00
2.222065384250162534e+00
2.228951029783782012e+00
2.235891625975908514e+00
2.242888063384607999e+00
2.249940658856865561e+00
2.257050834624896751e+00
2.264218603240047756e+00
2.271445079180156146e+00
2.278730806841713363e+00
2.286076319102182008e+00
2.293482137364683204e+00
2.300949044674409194e+00
2.308477809136724179e+00
2.316068641380885751e+00
2.323722555500996378e+00
2.331440008212407822e+00
2.339221445050537085e+00
2.347067568137299443e+00
2.354979331749790017e+00
2.362956874256437523e+00
2.371001386701949709e+00
2.379113774335204212e+00
2.387294924362073800e+00
2.395545705997944808e+00
2.403867754658286060e+00
2.412261895563855507e+00
2.420728936097126471e+00
2.429270441804538994e+00
2.437887176370880482e+00
2.446580142644512179e+00
2.455350578131010320e+00
2.464199695488904940e+00
2.473128428529308032e+00
2.482137943161394578e+00
2.491229632857249410e+00
2.500404360237167278e+00
2.509663467841045659e+00
2.519007771217511849e+00
2.528439059304283809e+00
2.537958342919832244e+00
2.547567595264451423e+00
2.557268996220908086e+00
2.567064682950499499e+00
2.576956262280435173e+00
2.586945791677571105e+00
2.597035286023157141e+00
2.607226717664079096e+00
2.617521776428824332e+00
2.627922830818746114e+00
2.638431484978158270e+00
2.649049778987718984e+00
2.659779706958787404e+00
2.670623217121347981e+00
2.681582446232862793e+00
2.692659014836729092e+00
2.703854966542277971e+00
2.715172527092656551e+00
2.726613408323685483e+00
2.738179047486209328e+00
2.749870612310587159e+00
2.761689006120879863e+00
2.773635099528911407e+00
2.785709956281091415e+00
2.797914604080726342e+00
2.810250482051633192e+00
2.822718318210474475e+00
2.835319252620169816e+00
2.848054827839563430e+00
2.860925661612616633e+00
2.873933434711320345e+00
2.887079125395787482e+00
2.900363891242948355e+00
2.913789280187243147e+00
2.927356362375347132e+00
2.941066381467419166e+00
2.954920750054454093e+00
2.968921045073955156e+00
2.983068792597623808e+00
2.997365887519741534e+00
3.011814375341836936e+00
3.026416447598434534e+00
3.041174024080832705e+00
3.056088963954747051e+00
3.071163270856598793e+00
3.086399291950771673e+00
3.101798898102704705e+00
3.117364300761431561e+00
3.133097641341329176e+00
3.149000792289020190e+00
3.165076355350726622e+00
3.181326456929273405e+00
3.197752955367731076e+00
3.214359205963738031e+00
3.231145743012921567e+00
3.248115961419651754e+00
3.265271423072205526e+00
3.282611520534208349e+00
3.300134676119187649e+00
3.317838178740821764e+00
3.335720663844343736e+00
3.353780205137690817e+00
3.372015634834684139e+00
3.390425041491389901e+00
3.409007081054086896e+00
3.427760045788935894e+00
3.446682604122196736e+00
3.465773428533405642e+00
3.485030835507517910e+00
3.504453513200760373e+00
3.524040333608926989e+00
3.543789993451476938e+00
3.563700843275207752e+00
3.583773702909346159e+00
3.604003250282012960e+00
3.624390328901939018e+00
3.644930571612814862e+00
3.665614547314038685e+00
3.686438132218556873e+00
3.707393889560440137e+00
3.728476220356544246e+00
3.749677962679673904e+00
3.770993770046958016e+00
3.792420062331669950e+00
3.813946740357138765e+00
3.835570475780317956e+00
3.857284749568578697e+00
3.879084801763123203e+00
3.900964362258613871e+00
3.922917295733981735e+00
3.944937599104576975e+00
3.967022566638819914e+00
3.989164824103455409e+00
4.011360290103079151e+00
4.033601855438105233e+00
4.055884114257468198e+00
4.078198696169657467e+00
4.100537412071990850e+00
4.122893773781970417e+00
4.145262948546482029e+00
4.167635684376069349e+00
4.190005925972566381e+00
4.212367746661148438e+00
4.234715344917534097e+00
4.257041564976652204e+00
4.279342336665272306e+00
4.301610752490018008e+00
4.323841499771036823e+00
4.346030819365812370e+00
4.368172150601477455e+00
4.390261926043709018e+00
4.412296647971626129e+00
4.434268635340505860e+00
4.456170356150452427e+00
4.477981794530982107e+00
4.499686110707853182e+00
4.521258443202637700e+00
4.542682691464904998e+00
4.563940290434246094e+00
4.585015743196064086e+00
4.605891087715361820e+00
4.626550019731823227e+00
4.646979200347534977e+00
4.667162799051842725e+00
4.687089242608489137e+00
4.706745777921685914e+00
4.726119819241598741e+00
4.745202909715723116e+00
4.763982719025671386e+00
4.782450995765109347e+00
4.800602173575586384e+00
4.818425492132295318e+00
4.835911583772355193e+00
4.853048557452436462e+00
4.869820745412885898e+00
4.886216473305689867e+00
4.902227983101783870e+00
4.917844973693641819e+00
4.933058455079430971e+00
4.947861990312766522e+00
4.962250384910352530e+00
4.976220926713462944e+00
4.989769570201842974e+00
5.002890951710072365e+00
5.015588424545186719e+00
5.027860201658087114e+00
5.039708146042666037e+00
5.051132752294768657e+00
5.062138127889864947e+00
5.072728240035488945e+00
5.082904448166032374e+00
5.092656895759583691e+00
5.101964613992992170e+00
5.110802986083458954e+00
5.119153577496578400e+00
5.126999163527927728e+00
5.134331045392792170e+00
5.141134310967952814e+00
5.147402511695079674e+00
5.153126626459648030e+00
5.158304812345601675e+00
5.162933844060331623e+00
5.167013981516224597e+00
5.170547739317382430e+00
5.173536237069517263e+00
5.175986488793338225e+00
5.177902898990214275e+00
5.179298191606443780e+00
5.180180065308002568e+00
5.180553633653804724e+00
5.180408090748248817e+00
5.179727623415661952e+00
5.178497460940992170e+00
5.176708715263660388e+00
5.174352307035563925e+00
5.171423815331039897e+00
5.167919835997056843e+00
5.163842847821040749e+00
5.159196363810695907e+00
5.153986158267260365e+00
5.148216621957995009e+00
5.141898091662834069e+00
5.135040776726175871e+00
5.127658445158628453e+00
5.119762325520662571e+00
5.111363558538929652e+00
5.102476901722558189e+00
5.093122007143481511e+00
5.083298761769960983e+00
5.072994536458287129e+00
5.062180328913343352e+00
5.050825495675255183e+00
5.038915159593190474e+00
5.026431621518897330e+00
5.013363079831797187e+00
4.999696150190549027e+00
4.985414568568841354e+00
4.970514300894419257e+00
4.954980889400923516e+00
4.938807087842682186e+00
4.921977647307216763e+00
4.904485818445056822e+00
4.886321915960333939e+00
4.867468089142828802e+00
4.847922768822762407e+00
4.827678857764270859e+00
4.806731450958908525e+00
4.785067370179701740e+00
4.762672877823456830e+00
4.739524363258556861e+00
4.715613387057773664e+00
4.690941684106987530e+00
4.665526814043295722e+00
4.639401255875827523e+00
4.612576090796618900e+00
4.585100705582576985e+00
4.557019869942757317e+00
4.528372271234831103e+00
4.499184789253116712e+00
4.469521354191074991e+00
4.439431868789576185e+00
4.408966039243813029e+00
4.378163368187919957e+00
4.347070174652025720e+00
4.315735502983057081e+00
4.284203919075417311e+00
4.252494683220339411e+00
4.220611234803527623e+00
4.188549595482747634e+00
4.156311688469295440e+00
4.123907092351704051e+00
4.091351810901047159e+00
4.058656150955116004e+00
4.025836981614408394e+00
3.992913287600563521e+00
3.959911022440483652e+00
3.926849005933088055e+00
3.893751534636373357e+00
3.860638854220880045e+00
3.827540118376179468e+00
3.794480530220178949e+00
3.761479496437442727e+00
3.728562163980313038e+00
3.695754570997298760e+00
3.663073388321591128e+00
3.630525491021095341e+00
3.598095287390690178e+00
3.565771892007717270e+00
3.533543655140337414e+00
3.501405488171881242e+00
3.469360256381473384e+00
3.437410558932405102e+00
3.405563328078717422e+00
3.373827052525805392e+00
3.342211848855841438e+00
3.310728966633536441e+00
3.279391605037880186e+00
3.248214421354196357e+00
3.217211837299620125e+00
3.186397033989125660e+00
3.155782480756909703e+00
3.125385320348331941e+00
3.095223325429034666e+00
3.065303847911286184e+00
3.035617293116205762e+00
3.006146525330590791e+00
2.976870936898161624e+00
2.947779717372149832e+00
2.918866970520927140e+00
2.890128052178008833e+00
2.861560514652485843e+00
2.833166659131095777e+00
2.804949072001679422e+00
2.776917652018603189e+00
2.749074894251061441e+00
2.721428205429903713e+00
2.693988753026205440e+00
2.666766468239054166e+00
2.639768545660977850e+00
2.613004825232255968e+00
2.586485735217562532e+00
2.560220840698749445e+00
2.534213086529752523e+00
2.508456443947118419e+00
2.482934434437167770e+00
2.457629313201773247e+00
2.432530026414266189e+00
2.407630223973963535e+00
2.382925084913460001e+00
2.358413799907493669e+00
2.334096553964812859e+00
2.309975123031798638e+00
2.286053506784931244e+00
2.262335821823907356e+00
2.238828268729119664e+00
2.215536118224501916e+00
2.192465948871405335e+00
2.169622525043015671e+00
2.147012791568915890e+00
2.124645096205794559e+00
2.102525968362372044e+00
2.080654880018121933e+00
2.059020510585494179e+00
2.037606039723049101e+00
2.016399154075826594e+00
1.995391672678686668e+00
1.974576913546176593e+00
1.953951067235588424e+00
1.933510105629447029e+00
1.913254700131914232e+00
1.893185496451710748e+00
1.873305125011760497e+00
1.853614577057915103e+00
1.834117568253048391e+00
1.814818259014275847e+00
1.795720924222530490e+00
1.776829601011892024e+00
1.758146999049941428e+00
1.739678398110144464e+00
1.721428496034035804e+00
1.703396576024149400e+00
1.685573232339299787e+00
1.667945186238931843e+00
1.650500422535073897e+00
1.633232503554005399e+00
1.616137378443296413e+00
1.599211944922237505e+00
1.582452515671182836e+00
1.565858402015303241e+00
1.549430454779393784e+00
1.533169097594000219e+00
1.517076374123396354e+00
1.501153940734559322e+00
1.485404312615353106e+00
1.469830052395220799e+00
1.454433337643891377e+00
1.439217683649148150e+00
1.424185805399041493e+00
1.409339570874063030e+00
1.394675898329538422e+00
1.380186494137898290e+00
1.365859883779550810e+00
1.351687763301643530e+00
1.337663300198320693e+00
1.323780745371802015e+00
1.310037895596735558e+00
1.296431923931503860e+00
1.282962287798889323e+00
1.269628872443530065e+00
1.256432514070501050e+00
1.243372523243703620e+00
1.230451199611617641e+00
1.217670377578832230e+00
1.205031399241101475e+00
1.192536667046089738e+00
1.180187568095806938e+00
1.167987107874602692e+00
1.155936731507040349e+00
1.144033492615813330e+00
1.132269823445188672e+00
1.120636943371858374e+00
1.109128204229898218e+00
1.097739325559520696e+00
1.086467310406116438e+00
1.075309640135842404e+00
1.064264125393970417e+00
1.053330476820290462e+00
1.042508899270812250e+00
1.031799813303297286e+00
1.021203620034263126e+00
1.010721196984890380e+00
1.000354173554689696e+00
9.901038901139681547e-01
9.799717017101706729e-01
9.699592363143074714e-01
9.600679490875729805e-01
9.502981196643788264e-01
9.406467860968962258e-01
9.311081184013760836e-01
9.216747072152209341e-01
9.123401070400177781e-01
9.030999375024765241e-01
8.939518553881187213e-01
8.848937463667658765e-01
8.759245999296982887e-01
8.670435535632153856e-01
8.582504870462056568e-01
8.495454696996176391e-01
8.409292185265929698e-01
8.324026029369460122e-01
8.239668042844230378e-01
8.156227145798099487e-01
8.073716207730118333e-01
7.992149880284279417e-01
7.911543084447861807e-01
7.831902181632280913e-01
7.753196967332098843e-01
7.675368634156444214e-01
7.598358128434543612e-01
7.522127921653275484e-01
7.446658101741087110e-01
7.371925997150619025e-01
7.297914666970594100e-01
7.224614084175814410e-01
7.152024139001550429e-01
7.080147165490201511e-01
7.008985376324614602e-01
6.938539948716645478e-01
6.868821031690548473e-01
6.799842655868565400e-01
6.731613585308006131e-01
6.664141749352688882e-01
6.597437047525933629e-01
6.531512401705528159e-01
6.466368349797819715e-01
6.401979648705437009e-01
6.338301909971326698e-01
6.275286688896908327e-01
6.212903578972518437e-01
6.151132996542281184e-01
6.089958501490051468e-01
6.029371143173450909e-01
5.969361432540380985e-01
5.909928892302682701e-01
5.851073928735072149e-01
5.792797876595480178e-01
5.735108523248360068e-01
5.678012685690106975e-01
5.621516153608181465e-01
5.565625888342627947e-01
5.510352355829826188e-01
5.455707391006502371e-01
5.401700764636611085e-01
5.348325968789122697e-01
5.295551088941701234e-01
5.243335522357713829e-01
5.191647735245461526e-01
5.140463312381933214e-01
5.089761640044291324e-01
5.039531106428608576e-01
4.989759496483510137e-01
4.940442875242580523e-01
4.891582159313982436e-01
4.843176876392354391e-01
4.795229025845160753e-01
4.747741879379386853e-01
4.700724052659768781e-01
4.654184369247633679e-01
4.608127771633870884e-01
4.562559249469844702e-01
4.517492181757135072e-01
4.472931892735576564e-01
4.428878073427712225e-01
4.385305869671204393e-01
4.342189263784540509e-01
4.299498121179886612e-01
4.257220151317430146e-01
4.215343937196274204e-01
4.173862001484229811e-01
4.132766452353056619e-01
4.092055111836185310e-01
4.051730256944507946e-01
4.011792578798837328e-01
3.972245846778499345e-01
3.933093866031850960e-01
3.894342088867895901e-01
3.855994433829976198e-01
3.818058140692058844e-01
3.780540607102051420e-01
3.743451066825165818e-01
3.706790501823832296e-01
3.670551224215633512e-01
3.634706075974902251e-01
3.599230172973441055e-01
3.564099283145640840e-01
3.529293444396336410e-01
3.494803670795699202e-01
3.460619622108732640e-01
3.426734312307890828e-01
3.393145951345191147e-01
3.359854842633123728e-01
3.326860655518532051e-01
3.294166017541171332e-01
3.261774157435030630e-01
3.229691850712121948e-01
3.197923109028462108e-01
3.166472012669030445e-01
3.135345515497212077e-01
3.104551154651385980e-01
3.074092575405573680e-01
3.043966646947006693e-01
3.014158745879254586e-01
2.984651033579885371e-01
2.955429115765809134e-01
2.926486309950795950e-01
2.897818620268776679e-01
2.869421811261773647e-01
2.841292947828760185e-01
2.813431803636814998e-01
2.785840547013085922e-01
2.758520898696424917e-01
2.731475487701456317e-01
2.704706965310591515e-01
2.678219880295326094e-01
2.652017926824991045e-01
2.626105572201091198e-01
2.600487124401023031e-01
2.575166963174165824e-01
2.550144118085805323e-01
2.525408518262095559e-01
2.500940046244215509e-01
2.476715669122706298e-01
2.452716233648559174e-01
2.428928230432702839e-01
2.405343304264860871e-01
2.381954825885830573e-01
2.358757983913881695e-01
2.335749879874957358e-01
2.312930441487098254e-01
2.290300369968063798e-01
2.267861455418178074e-01
2.245616630165067074e-01
2.223569458705241808e-01
2.201724166463074062e-01
2.180084804707576318e-01
2.158656111123185284e-01
2.137444421805003436e-01
2.116452105162213715e-01
2.095676759044283743e-01
2.075111577514082428e-01
2.054750333624486003e-01
2.034590194391596440e-01
2.014629400152776750e-01
1.994867320572512870e-01
1.975302921904319442e-01
1.955936032604983499e-01
1.936769657969411307e-01
1.917805550666496217e-01
1.899045469115877294e-01
1.880490507628791164e-01
1.862143761091234195e-01
1.844008377720406655e-01
1.826086869968246706e-01
1.808381079692926996e-01
1.790893194922883458e-01
1.773624701688825966e-01
1.756572770279333506e-01
1.739724627173778460e-01
1.723057442872208411e-01
1.706547433295093896e-01
1.690178014893318204e-01
1.673938673434559321e-01
1.657821482401097835e-01
1.641818940939011595e-01
1.625925546177933723e-01
1.610138676828302418e-01
1.594457950466457719e-01
1.578883743920521943e-01
1.563416427312738499e-01
1.548058798719597895e-01
1.532814155115354293e-01
1.517685901192280529e-01
1.502677970357491066e-01
1.487793581530914566e-01
1.473037759369950350e-01
1.458415267928515613e-01
1.443930593025068709e-01
1.429587923763282475e-01
1.415391577131665246e-01
1.401346000104926048e-01
1.387454865817309702e-01
1.373722402084337213e-01
1.360151105116437498e-01
1.346744447566893821e-01
1.333505510430493812e-01
1.320436483446212339e-01
1.307539578227676913e-01
1.294816541189174608e-01
1.282269607808471101e-01
1.269899544930556956e-01
1.257707574739550804e-01
1.245693882447006517e-01
1.233859601715003307e-01
1.222204289177875602e-01
1.210728442820194622e-01
1.199431451581823849e-01
1.188313128970552857e-01
1.177372132730085674e-01
1.166608066151558765e-01
1.156019892872773708e-01
1.145605908420408992e-01
1.135365371900067949e-01
1.125295759941300072e-01
1.115396800946452799e-01
1.105665804578640499e-01
1.096101110702915465e-01
1.086700808238637711e-01
1.077462901895605701e-01
1.068385252710030431e-01
1.059465752952067075e-01
1.050702091469553068e-01
1.042091929343781642e-01
1.033633266936274803e-01
1.025323787031842265e-01
1.017161092142306600e-01
1.009142766978984168e-01
1.001266443990938282e-01
9.935298087039723391e-02
9.859305414191911476e-02
9.784662560758990157e-02
9.711345010001268263e-02
9.639329553137872264e-02
9.568593058043144139e-02
9.499112503580078859e-02
9.430864348466673486e-02
9.363826556269698453e-02
9.297975300806708698e-02
9.233289695526068763e-02
9.169746444217935499e-02
9.107324614261887163e-02
9.046002272954434265e-02
8.985758577579219808e-02
8.926571726664581097e-02
8.868421787615206331e-02
8.811289357016138801e-02
8.755152730355152124e-02
8.699993629199638534e-02
8.645792246187183894e-02
8.592530143191985659e-02
8.540188108108683063e-02
8.488749112315456535e-02
8.438193184525299984e-02
8.388504832025397984e-02
8.339665658633534095e-02
8.291658843345978136e-02
8.244469204163340503e-02
8.198077896417885202e-02
8.152471573914220337e-02
8.107633259661879699e-02
8.063548493179185928e-02
8.020201497479204078e-02
7.977578307850780037e-02
7.935663667168761648e-02
7.894444984331853987e-02
7.853907616638465539e-02
7.814038044919661974e-02
7.774823914568469718e-02
7.736250827426352505e-02
7.698308015084479039e-02
7.660981877993554290e-02
7.624260870739187068e-02
7.588133077790984449e-02
7.552587877804832484e-02
7.517611804060198022e-02
7.483196043977165257e-02
7.449328963979992557e-02
7.415999441705675710e-02
7.383197736925796451e-02
7.350913820449866964e-02
7.319137374812047236e-02
7.287858657285671560e-02
7.257069385019672414e-02
7.226758425131321606e-02
7.196918725514743487e-02
7.167539516272143640e-02
7.138614160535074193e-02
7.110132290893127205e-02
7.082086837307344229e-02
7.054468754097958927e-02
7.027271456641659420e-02
7.000486386242119052e-02
6.974104778598984311e-02
6.948120377888612753e-02
6.922525857619077350e-02
6.897314626559457318e-02
6.872478103383176939e-02
6.848012107411891036e-02
6.823908654156274345e-02
6.800161435027231305e-02
6.776763068995449169e-02
6.753708808909396344e-02
6.730990988903752525e-02
6.708604597638359590e-02
6.686543567201762295e-02
6.664802643834713547e-02
6.643375512439828046e-02
6.622256679773792787e-02
6.601440538587095841e-02
6.580922323154833609e-02
6.560697167110619843e-02
6.540760104066135894e-02
6.521105104757313198e-02
6.501727962548489725e-02
6.482624384416245389e-02
6.463788047367104161e-02
6.445216420160389259e-02
6.426904954104391277e-02
6.408848036073279408e-02
6.391040941761919059e-02
6.373481821814459825e-02
6.356164823199779434e-02
6.339085983097415833e-02
6.322242262473483365e-02
6.305628570412240286e-02
6.289241734663160444e-02
6.273078524986122617e-02
6.257134649391443704e-02
6.241406755299205855e-02
6.225890424337478940e-02
6.210584207125027095e-02
6.195483576015026195e-02
6.180584954892816979e-02
6.165885732012462567e-02
6.151382229676606583e-02
6.137070716460189118e-02
6.122950486264752690e-02
6.109015665902044201e-02
6.095265465347055045e-02
6.081695971178125576e-02
6.068305289411544956e-02
6.055089418015811159e-02
6.042045344447734279e-02
6.029172099496362541e-02
6.016466602386578294e-02
6.003925732030938878e-02
5.991546327467840716e-02
5.979327289941756274e-02
5.967265392825038539e-02
5.955358425785718668e-02
5.943604148548179561e-02
5.932000291173464973e-02
5.920543493094473225e-02
5.909233546382493957e-02
5.898067034648416668e-02
5.887042639511327891e-02
5.876156883785879637e-02
5.865408396930615886e-02
5.854795788620065222e-02
5.844315498701191380e-02
5.833967163274117462e-02
5.823749327976535106e-02
5.813657277080008789e-02
5.803691666764806273e-02
5.793849896104060621e-02
5.784130424682126792e-02
5.774531693876072680e-02
5.765051037155755759e-02
5.755686854693050497e-02
5.746438622489222214e-02
5.737303615824001363e-02
5.728280182644625296e-02
5.719367752458409671e-02
5.710564644442087806e-02
5.701868059087282503e-02
5.693277380925148429e-02
5.684790879562166138e-02
5.676406808456943565e-02
5.668125622142067277e-02
5.659943331759769575e-02
5.651859255127571202e-02
5.643873814278745071e-02
5.635982969140326815e-02
5.628187117588279859e-02
5.620485536995115800e-02
5.612874137722239504e-02
5.605355528987220060e-02
5.597924472608349633e-02
5.590583565486881984e-02
5.583328661816245458e-02
5.576160097282697320e-02
5.569075948840862544e-02
5.562075409393342496e-02
5.555157663974825966e-02
5.548321889824662373e-02
5.541566122632184122e-02
5.534889520165618693e-02
5.528291232699339419e-02
5.521769265196349585e-02
5.515325027628902727e-02
5.508955371156742248e-02
5.502659412930924199e-02
5.496436263069088418e-02
5.490286169152522322e-02
5.484207085586378927e-02
5.478199248768338137e-02
5.472259448793163894e-02
5.466389056869871976e-02
5.460585995563720790e-02
5.454850479760732507e-02
5.449179263591227840e-02
5.443574856498997055e-02
5.438033998799601115e-02
5.432556884941891484e-02
5.427141392450941793e-02
5.421788864853130385e-02
5.416497168794742051e-02
5.411265321607500872e-02
5.406093497050971225e-02
5.400979540869864370e-02
5.395923617597461058e-02
5.390925890513657143e-02
5.385984188460528344e-02
5.381098665788902613e-02
5.376268306963923743e-02
5.371492091077215147e-02
5.366770162684082746e-02
5.362101493426556231e-02
5.357485049753098194e-02
5.352919792997788695e-02
5.348405854235997042e-02
5.343943363510055694e-02
5.339530096352870098e-02
5.335166174918140602e-02
5.330850541745685289e-02
5.326583314205917546e-02
5.322363428201793562e-02
5.318190996427207828e-02
5.314064948291909174e-02
5.309984208643670628e-02
5.305948882021084556e-02
5.301957887047107493e-02
5.298011323906907932e-02
5.294109291967365183e-02
5.290249514382843604e-02
5.286432083706739393e-02
5.282657091743073879e-02
5.278923439296645537e-02
5.275230023071011964e-02
5.271578119536575457e-02
5.267966622311295866e-02
5.264393227504560180e-02
5.260860401412299769e-02
5.257365835577831187e-02
5.253909606346009176e-02
5.250490592738837892e-02
5.247110064961862941e-02
5.243765701008083063e-02
5.240457570114766955e-02
5.237185740943049034e-02
5.233949081104082024e-02
5.230747655883657976e-02
5.227581530015915773e-02
5.224449565027223380e-02
5.221351822390554731e-02
5.218287158982055224e-02
5.215255633117198142e-02
5.212257302615838639e-02
5.209291018647433519e-02
5.206356835986820919e-02
5.203454808938939163e-02
5.200583783165062951e-02
5.197742601207286373e-02
5.194933730998686078e-02
5.192154804719014555e-02
5.189405870473182830e-02
5.186685764541908855e-02
5.183995744340248735e-02
5.181335856727481426e-02
5.178704934860390435e-02
5.176103022907307949e-02
5.173528950150731859e-02
5.170983973250221910e-02
5.168468135186568557e-02
5.165980262269877221e-02
5.163520394922412743e-02
5.161088573188046119e-02
5.158684836729171552e-02
5.156309224823650561e-02
5.153960557263472658e-02
5.151638870900974998e-02
5.149345422422434149e-02
5.147079028846555937e-02
5.144839725927842500e-02
5.142627549055314023e-02
5.140441310945353254e-02
5.138282267525658142e-02
5.136150453091088003e-02
5.134043453905495075e-02
5.131963749181794876e-02
5.129910147302366857e-02
5.127881454329693417e-02
5.125878925616030035e-02
5.123902591838002535e-02
5.121951256601019187e-02
5.120024948487283956e-02
5.118124923389540115e-02
5.116249982506040905e-02
5.114398924895986048e-02
5.112574234435612874e-02
5.110773480566797172e-02
5.108997918427617135e-02
5.107246344043223779e-02
5.105520012767644777e-02
5.103816488064658041e-02
5.102138255740751999e-02
5.100484108882038375e-02
5.098854070929605131e-02
5.097248165012656373e-02
5.095666413946920575e-02
5.094107606811042188e-02
5.092571764674037882e-02
5.091060142480410139e-02
5.089572761810400719e-02
5.088107174170283797e-02
5.086665868851240890e-02
5.085247630929182888e-02
5.083851243799000080e-02
5.082479197959860473e-02
5.081129039985485263e-02
5.079802024224429335e-02
5.078496931604514070e-02
5.077215016557797000e-02
5.075955058811550819e-02
5.074718312855486246e-02
5.073503557233220718e-02
5.072310807743992539e-02
5.071140079915555099e-02
5.069990149713884259e-02
5.068863510423945312e-02
5.067758937744569481e-02
5.066675206007685561e-02
5.065614809309699346e-02
5.064574040465032179e-02
5.063555393305962937e-02
5.062558881185934279e-02
5.061583275830961598e-02
5.060628589332479693e-02
5.059696075342654670e-02
5.058784504088598144e-02
5.057892644640237662e-02
5.057022992361787095e-02
5.056174316036399913e-02
5.055346626228214568e-02
5.054538690169228105e-02
5.053751760605062343e-02
5.052985847350091597e-02
5.052240959962452788e-02
5.051515863921853672e-02
5.050811811747337593e-02
5.050127568076723944e-02
5.049463140962656693e-02
5.048819782714850796e-02
5.048196256749042099e-02
5.047593815203210016e-02
5.047009975763824124e-02
5.046447235029993816e-02
5.045904354855926949e-02
5.045380096318349827e-02
5.044876956140472574e-02
5.044393695063737609e-02
5.043929073109536948e-02
5.043485587034122336e-02
5.043060750599919623e-02
5.042654568520547193e-02
5.042269537510000316e-02
5.041903170028227271e-02
5.041556716423003376e-02
5.041228934440322718e-02
5.040921074158627446e-02
5.040631892720796176e-02
5.040361393341823149e-02
5.040110825666161559e-02
5.039878945973104429e-02
5.039667003588484129e-02
5.039472507439909238e-02
5.039297953222916099e-02
5.039142096134011789e-02
5.039004937908108522e-02
5.038887727011245182e-02
5.038787970908818054e-02
5.038706917621371684e-02
5.038645815050445120e-02
5.038602169903261957e-02
5.038577229649415096e-02
5.038570994566664296e-02
5.038583464724450539e-02
5.038613392977218247e-02
5.038663273003462367e-02
5.038730610255636594e-02
5.038816650990540769e-02
5.038920147319316672e-02
5.039043591967760222e-02
5.039184489739462897e-02
5.039342839170479760e-02
5.039519885398412863e-02
5.039714379718544107e-02
5.039928813474208597e-02
5.040159444248881737e-02
5.040408762945131765e-02
5.040675520293439599e-02
5.040960959951606979e-02
5.041265078746220291e-02
5.041585380754155798e-02
5.041924355267651814e-02
5.042280752421154227e-02
5.042655814527872288e-02
5.043048291513306525e-02
5.043458179311830630e-02
5.043885473678811487e-02
5.044331415784263778e-02
5.044794755204280723e-02
5.045275487145747112e-02
5.045773606637489472e-02
5.046289108530529338e-02
5.046821987498349704e-02
5.047373482879877887e-02
5.047941099168956613e-02
5.048527320044773892e-02
5.049130894618045901e-02
5.049751816666141202e-02
5.050388835691519557e-02
5.051044433480200019e-02
5.051717359026896420e-02
5.052407605408004709e-02
5.053115165525541574e-02
5.053840032107505265e-02
5.054580954640903317e-02
5.055340411828260216e-02
5.056117152627883499e-02
5.056909926580643866e-02
5.057721210739184181e-02
5.058548512013124471e-02
5.059394306315586481e-02
5.060256101027391790e-02
5.061135129432912938e-02
5.062031382554189191e-02
5.062944851243754429e-02
5.063874285399055930e-02
5.064822157339304853e-02
5.065785976079380942e-02
5.066768212674534894e-02
5.067766376749589102e-02
5.068781698480100822e-02
5.069814167557680495e-02
5.070862534432216823e-02
5.071929266877377163e-02
5.073011876205715809e-02
5.074111590537774830e-02
5.075228398754477732e-02
5.076362289573774916e-02
5.077512014097793763e-02
5.078680035911633389e-02
5.079863868633226892e-02
5.081064737799733527e-02
5.082282631334764794e-02
5.083516301010566202e-02
5.084768206720193667e-02
5.086035864238751952e-02
5.087320496859005364e-02
5.088622091724762098e-02
5.089940635823313186e-02
5.091276115986066719e-02
5.092627285108629331e-02
5.093995364156136962e-02
5.095381572621892480e-02
5.096783430164879974e-02
5.098200923875970125e-02
5.099636504886943811e-02
5.101088926193097367e-02
5.102556942034274651e-02
5.104043000997708635e-02
5.105544626010355413e-02
5.107063033635020344e-02
5.108598208907024624e-02
5.110150136714514818e-02
5.111718801799185891e-02
5.113304188756994523e-02
5.114905053632015641e-02
5.116523837933334429e-02
5.118159297032321559e-02
5.119810187719335548e-02
5.121478948732507280e-02
5.123164336182703393e-02
5.124865107646880275e-02
5.126583699031725394e-02
5.128318867228102984e-02
5.130069370639704640e-02
5.131837642282030543e-02
5.133622439866271370e-02
5.135423746161835862e-02
5.137241543803035965e-02
5.139075815289879945e-02
5.140926542988868281e-02
5.142794930879204113e-02
5.144678517124678246e-02
5.146579726732185278e-02
5.148497319786220217e-02
5.150431277987276707e-02
5.152381582907268609e-02
5.154349434996970819e-02
5.156333595629142980e-02
5.158334045984473010e-02
5.160350767118444815e-02
5.162384957071345509e-02
5.164435378575445851e-02
5.166502012305376756e-02
5.168586054462914747e-02
5.170686268843830563e-02
5.172803850407529241e-02
5.174937563677496632e-02
5.177087388707903026e-02
5.179254518580416605e-02
5.181438931581856117e-02
5.183639393744243068e-02
5.185855884637640550e-02
5.188090805875928552e-02
5.190340501991735217e-02
5.192608583857166726e-02
5.194892608405590750e-02
5.197192554617882654e-02
5.199510818203371271e-02
5.201844958919944056e-02
5.204194955404378015e-02
5.206563199751036708e-02
5.208947254612560085e-02
5.211349509637549365e-02
5.213767529440867937e-02
5.216202496650561987e-02
5.218653183558356889e-02
5.221121974862665688e-02
5.223607642049993283e-02
5.226110161040577184e-02
5.228628305948764682e-02
5.231164456422256887e-02
5.233717385765274122e-02
5.236287069436418307e-02
5.238873482781541274e-02
5.241476601034804339e-02
5.244097597464121574e-02
5.246735247734708035e-02
5.249389526742497675e-02
5.252060409276065878e-02
5.254747870017698747e-02
5.257453078645194650e-02
5.260176007776351526e-02
5.262915436046383677e-02
5.265671337704609656e-02
5.268444879506877648e-02
5.271234841632446017e-02
5.274042389363899769e-02
5.276867494632069000e-02
5.279708939189830391e-02
5.282567886089804821e-02
5.285443118158857784e-02
5.288336985077519981e-02
5.291247081335739150e-02
5.294174566981994789e-02
5.297119413185229220e-02
5.300080405519135007e-02
5.303059886583629673e-02
5.306056641079767711e-02
5.309070639757100529e-02
5.312100670457426538e-02
5.315149070018455879e-02
5.318214625406886276e-02
5.321298487734530541e-02
5.324398265043581852e-02
5.327516288321684085e-02
5.330651346861510487e-02
5.333804588617815229e-02
5.336973626774232232e-02
5.340161962981834765e-02
5.343367210926283639e-02
5.346589340192127449e-02
5.349829494741911023e-02
5.353087641844222339e-02
5.356362575633767664e-02
5.359655437650365922e-02
5.362966194870213976e-02
5.366293643310631606e-02
5.369640092205672788e-02
5.373003167255611251e-02
5.376384005924014775e-02
5.379783742646477435e-02
5.383200007250422969e-02
5.386633934729462281e-02
5.390086657018431510e-02
5.393556973079796646e-02
5.397044848975011272e-02
5.400550250681697417e-02
5.404074306770740438e-02
5.407615818857846451e-02
5.411175913818975364e-02
5.414753394618084664e-02
5.418349386430575121e-02
5.421962693585925808e-02
5.425594439553473036e-02
5.429244587330785826e-02
5.432913099827639536e-02
5.436598784147800983e-02
5.440303915256720219e-02
5.444026145162998015e-02
5.447766592168761662e-02
5.451525218776196585e-02
5.455303139166268328e-02
5.459098011369851317e-02
5.462912100366330154e-02
5.466745365933659700e-02
5.470595470685605394e-02
5.474464674546384441e-02
5.478351790137038491e-02
5.482257925451959613e-02
5.486183039865295125e-02
5.490125948218443908e-02
5.494087755827985892e-02
5.498068421838545050e-02
5.502067905318786672e-02
5.506085024128395261e-02
5.510122020294578454e-02
5.514176571239851748e-02
5.518250915507380561e-02
5.522342733736893688e-02
5.526454260973086285e-02
5.530585453259968809e-02
5.534733996107223108e-02
5.538903253650688530e-02
5.543092045632259934e-02
5.547300327800303715e-02
5.551526924037814698e-02
5.554911088651582479e-02
