2.000000000000000000e+01
1.980099999999999838e+01
1.960397000000000034e+01
1.940890999999999877e+01
1.921578999999999837e+01
1.902458999999999989e+01
1.883529000000000053e+01
1.864788000000000068e+01
1.846233000000000146e+01
1.827862000000000009e+01
1.809675000000000011e+01
1.791667999999999950e+01
1.773840999999999823e+01
1.756191000000000102e+01
1.738716000000000150e+01
1.721415999999999968e+01
1.704288000000000025e+01
1.687330000000000041e+01
1.670540000000000092e+01
1.653918000000000177e+01
1.637462000000000018e+01
1.621168000000000120e+01
1.605038000000000054e+01
1.589067000000000007e+01
1.573255999999999943e+01
1.557601999999999975e+01
1.542103000000000002e+01
1.526759000000000022e+01
1.511566999999999972e+01
1.496527000000000029e+01
1.481635999999999953e+01
1.466893999999999920e+01
1.452298000000000044e+01
1.437847000000000008e+01
1.423540999999999990e+01
1.409375999999999962e+01
1.395353000000000065e+01
1.381469000000000058e+01
1.367722999999999978e+01
1.354114000000000040e+01
1.340639999999999965e+01
1.327300999999999931e+01
1.314094000000000051e+01
1.301018000000000008e+01
1.288072999999999979e+01
1.275256000000000078e+01
1.262566999999999950e+01
1.250004999999999988e+01
1.237566999999999950e+01
1.225253000000000014e+01
1.213061000000000078e+01
1.200990999999999964e+01
1.189040999999999926e+01
1.177210000000000001e+01
1.165497000000000050e+01
1.153899999999999970e+01
1.142417999999999978e+01
1.131051000000000073e+01
1.119796999999999976e+01
1.108655000000000079e+01
1.097622999999999927e+01
1.086702000000000012e+01
1.075888999999999918e+01
1.065183999999999997e+01
1.054584999999999972e+01
1.044092000000000020e+01
1.033703000000000038e+01
1.023417000000000066e+01
1.013233999999999924e+01
1.003152000000000044e+01
9.931706000000000145e+00
9.832883999999999958e+00
9.735044999999999504e+00
9.638180000000000192e+00
9.542277999999999594e+00
9.447331000000000145e+00
9.353329000000000448e+00
9.260260999999999854e+00
9.168120000000000047e+00
9.076895999999999631e+00
8.986579000000000761e+00
8.897161000000000541e+00
8.808633000000000379e+00
8.720985999999999905e+00
8.634209999999999496e+00
8.548299000000000092e+00
8.463241999999999265e+00
8.379030999999999452e+00
8.295657999999999532e+00
8.213115000000000165e+00
8.131392999999999205e+00
8.050484000000000862e+00
7.970380999999999716e+00
7.891073999999999700e+00
7.812556999999999974e+00
7.734820000000000029e+00
7.657858000000000054e+00
7.581661000000000428e+00
7.506222000000000172e+00
7.431534000000000084e+00
7.357588999999999935e+00
7.284379999999999633e+00
7.211898999999999837e+00
7.140138999999999569e+00
7.069093999999999767e+00
6.998755000000000059e+00
6.929115999999999609e+00
6.860170000000000101e+00
6.791910999999999810e+00
6.724330000000000140e+00
6.657422000000000395e+00
6.591179000000000343e+00
6.525596000000000174e+00
6.460664999999999658e+00
6.396379999999999733e+00
6.332734999999999559e+00
6.269724000000000075e+00
6.207339000000000162e+00
6.145575000000000010e+00
6.084425000000000416e+00
6.023883999999999794e+00
5.963945999999999970e+00
5.904602999999999824e+00
5.845851999999999826e+00
5.787683999999999607e+00
5.730095999999999634e+00
5.673080999999999818e+00
5.616632000000000069e+00
5.560745999999999967e+00
5.505416000000000309e+00
5.450636000000000259e+00
5.396401000000000003e+00
5.342705999999999733e+00
5.289545000000000385e+00
5.236913000000000373e+00
5.184804999999999886e+00
5.133216000000000001e+00
5.082138999999999740e+00
5.031570999999999572e+00
4.981506000000000434e+00
4.931938999999999851e+00
4.882865999999999929e+00
4.834279999999999688e+00
4.786177999999999599e+00
4.738554999999999851e+00
4.691405999999999743e+00
4.644725000000000215e+00
4.598510000000000097e+00
4.552754000000000190e+00
4.507452999999999932e+00
4.462602999999999653e+00
4.418199999999999683e+00
4.374238000000000071e+00
4.330713000000000257e+00
4.287621999999999822e+00
4.244958999999999705e+00
4.202721000000000373e+00
4.160904000000000380e+00
4.119501999999999775e+00
4.078511999999999915e+00
4.037930000000000241e+00
3.997752000000000194e+00
3.957974000000000103e+00
3.918591000000000157e+00
3.879601000000000077e+00
3.840997999999999912e+00
3.802779999999999827e+00
3.764940999999999871e+00
3.727479999999999905e+00
3.690389999999999837e+00
3.653669999999999973e+00
3.617316000000000198e+00
3.581322999999999812e+00
3.545688000000000173e+00
3.510407999999999973e+00
3.475478999999999985e+00
3.440897000000000094e+00
3.406660000000000021e+00
3.372762999999999955e+00
3.339202999999999921e+00
3.305978000000000083e+00
3.273083000000000187e+00
3.240514999999999812e+00
3.208270999999999873e+00
3.176349000000000089e+00
3.144743000000000066e+00
3.113452999999999804e+00
3.082472999999999796e+00
3.051801999999999904e+00
3.021436000000000011e+00
2.991372000000000142e+00
2.961608000000000018e+00
2.932138999999999829e+00
2.902963999999999878e+00
2.874079000000000050e+00
2.845480999999999927e+00
2.817168000000000117e+00
2.789137000000000199e+00
2.761385000000000201e+00
2.733909000000000145e+00
2.706706000000000056e+00
2.679772999999999961e+00
2.653109000000000162e+00
2.626710000000000100e+00
2.600573999999999941e+00
2.574698000000000153e+00
2.549078999999999873e+00
2.523715999999999848e+00
2.498603999999999825e+00
2.473742999999999803e+00
2.449129000000000111e+00
2.424758999999999887e+00
2.400633000000000017e+00
2.376745999999999803e+00
2.353096999999999994e+00
2.329683000000000170e+00
2.306502000000000052e+00
2.283551999999999804e+00
2.260831000000000035e+00
2.238335000000000186e+00
2.216063000000000116e+00
2.194012999999999991e+00
2.172181999999999835e+00
2.150568999999999953e+00
2.129169999999999785e+00
2.107984000000000080e+00
2.087009999999999810e+00
2.066244000000000192e+00
2.045684000000000058e+00
2.025329000000000157e+00
2.005177000000000209e+00
1.985225000000000017e+00
1.965472000000000108e+00
1.945915000000000061e+00
1.926552999999999960e+00
1.907383000000000051e+00
1.888403999999999971e+00
1.869615000000000027e+00
1.851012000000000102e+00
1.832594000000000056e+00
1.814359000000000055e+00
1.796305999999999958e+00
1.778432000000000013e+00
1.760736999999999997e+00
1.743217000000000017e+00
1.725872000000000073e+00
1.708698999999999968e+00
1.691697000000000006e+00
1.674865000000000048e+00
1.658198999999999979e+00
1.641699999999999937e+00
1.625364999999999949e+00
1.609191999999999956e+00
1.593180000000000041e+00
1.577328000000000063e+00
1.561633000000000049e+00
1.546094999999999997e+00
1.530710999999999933e+00
1.515479999999999938e+00
1.500401000000000096e+00
1.485471999999999904e+00
1.470690999999999971e+00
1.456056999999999935e+00
1.441569000000000100e+00
1.427224999999999966e+00
1.413024000000000058e+00
1.398964000000000096e+00
1.385045000000000082e+00
1.371262999999999899e+00
1.357618999999999909e+00
1.344109999999999916e+00
1.330735999999999919e+00
1.317495000000000083e+00
1.304386000000000045e+00
1.291406999999999972e+00
1.278556999999999944e+00
1.265835000000000043e+00
1.253239999999999910e+00
1.240769999999999929e+00
1.228423999999999960e+00
1.216201000000000088e+00
1.204099999999999948e+00
1.192118999999999929e+00
1.180256999999999890e+00
1.168512999999999913e+00
1.156886000000000081e+00
1.145375000000000032e+00
1.133979000000000070e+00
1.122694999999999999e+00
1.111523999999999957e+00
1.100464000000000109e+00
1.089515000000000011e+00
1.078673999999999911e+00
1.067941000000000029e+00
1.057315000000000005e+00
1.046794000000000002e+00
1.036378000000000021e+00
1.026065999999999923e+00
1.015857000000000010e+00
1.005749000000000004e+00
9.957413999999999987e-01
9.858335999999999766e-01
9.760244000000000142e-01
9.663127999999999718e-01
9.566978000000000426e-01
9.471785000000000343e-01
9.377539000000000291e-01
9.284230999999999456e-01
9.191850999999999772e-01
9.100390999999999897e-01
9.009840000000000071e-01
8.920190999999999537e-01
8.831434000000000228e-01
8.743558999999999637e-01
8.656559999999999810e-01
8.570425000000000404e-01
8.485148000000000135e-01
8.400720000000000409e-01
8.317130999999999830e-01
8.234373999999999860e-01
8.152441000000000271e-01
8.071323000000000247e-01
7.991011999999999560e-01
7.911500000000000199e-01
7.832778999999999714e-01
7.754841999999999569e-01
7.677680000000000060e-01
7.601284999999999847e-01
7.525650999999999868e-01
7.450769999999999893e-01
7.376633000000000218e-01
7.303235000000000143e-01
7.230566000000000493e-01
7.158620999999999457e-01
7.087392000000000136e-01
7.016871000000000080e-01
6.947052000000000227e-01
6.877927000000000346e-01
6.809490999999999739e-01
6.741734999999999811e-01
6.674653999999999865e-01
6.608239999999999670e-01
6.542487000000000164e-01
6.477387999999999479e-01
6.412936999999999665e-01
6.349126999999999965e-01
6.285952000000000206e-01
6.223406000000000216e-01
6.161482000000000347e-01
6.100174000000000429e-01
6.039476999999999762e-01
5.979383000000000337e-01
5.919887000000000343e-01
5.860982999999999610e-01
5.802665000000000184e-01
5.744928000000000257e-01
5.687765000000000182e-01
5.631171000000000371e-01
5.575139999999999540e-01
5.519665999999999739e-01
5.464744000000000268e-01
5.410369000000000428e-01
5.356535000000000046e-01
5.303236999999999535e-01
5.250468999999999831e-01
5.198226000000000235e-01
5.146503000000000050e-01
5.095294000000000212e-01
5.044594999999999496e-01
4.994399999999999951e-01
4.944704999999999795e-01
4.895504999999999995e-01
4.846793999999999825e-01
4.798567000000000249e-01
4.750821000000000072e-01
4.703549000000000202e-01
4.656747999999999998e-01
4.610412999999999872e-01
4.564538000000000206e-01
4.519119999999999804e-01
4.474154000000000186e-01
4.429636000000000129e-01
4.385560000000000014e-01
4.341922999999999755e-01
4.298719999999999763e-01
4.255946999999999925e-01
4.213600000000000123e-01
4.171674000000000215e-01
4.130165000000000086e-01
4.089069000000000176e-01
4.048381999999999814e-01
4.008099999999999996e-01
3.968219000000000052e-01
3.928734999999999866e-01
3.889642999999999851e-01
3.850939999999999919e-01
3.812622999999999984e-01
3.774686999999999903e-01
3.737128000000000116e-01
3.699942999999999982e-01
3.663127999999999940e-01
3.626678999999999875e-01
3.590593000000000257e-01
3.554865999999999859e-01
3.519494000000000233e-01
3.484475000000000211e-01
3.449804000000000204e-01
3.415478000000000125e-01
3.381492999999999860e-01
3.347846999999999906e-01
3.314535000000000120e-01
3.281554999999999889e-01
3.248903000000000207e-01
3.216575999999999880e-01
3.184569999999999901e-01
3.152883000000000213e-01
3.121512000000000175e-01
3.090452000000000199e-01
3.059702000000000255e-01
3.029257000000000200e-01
2.999114999999999975e-01
2.969274000000000080e-01
2.939728999999999814e-01
2.910478000000000232e-01
2.881518000000000135e-01
2.852847000000000022e-01
2.824459999999999749e-01
2.796356999999999871e-01
2.768532000000000215e-01
2.740985000000000227e-01
2.713711999999999791e-01
2.686709999999999932e-01
2.659977000000000036e-01
2.633508999999999989e-01
2.607305999999999790e-01
2.581362999999999852e-01
2.555678000000000116e-01
2.530247999999999942e-01
2.505071999999999854e-01
2.480146000000000017e-01
2.455468000000000095e-01
2.431036000000000030e-01
2.406845999999999985e-01
2.382897999999999961e-01
2.359188000000000118e-01
2.335713000000000095e-01
2.312472999999999890e-01
2.289462999999999915e-01
2.266682999999999892e-01
2.244128999999999985e-01
2.221799000000000135e-01
2.199692000000000036e-01
2.177804999999999880e-01
2.156135000000000135e-01
2.134680999999999940e-01
2.113441000000000070e-01
2.092411999999999883e-01
2.071591999999999878e-01
2.050978999999999997e-01
2.030571999999999933e-01
2.010367000000000126e-01
1.990364000000000022e-01
1.970559000000000061e-01
1.950951999999999964e-01
1.931539999999999924e-01
1.912320000000000131e-01
1.893292000000000030e-01
1.874454000000000120e-01
1.855803000000000036e-01
1.837336999999999998e-01
1.819054999999999978e-01
1.800955999999999946e-01
1.783036000000000065e-01
1.765294000000000030e-01
1.747729000000000088e-01
1.730338999999999905e-01
1.713121999999999978e-01
1.696075999999999973e-01
1.679200000000000137e-01
1.662491000000000108e-01
1.645948999999999884e-01
1.629571999999999965e-01
1.613356999999999986e-01
1.597303999999999946e-01
1.581411000000000067e-01
1.565676000000000012e-01
1.550097000000000003e-01
1.534673000000000009e-01
1.519403000000000004e-01
1.504283999999999899e-01
1.489317000000000002e-01
1.474497999999999920e-01
1.459825999999999901e-01
1.445300999999999947e-01
1.430919999999999970e-01
1.416681999999999941e-01
1.402586000000000110e-01
1.388629999999999864e-01
1.374813000000000007e-01
1.361132999999999926e-01
1.347588999999999870e-01
1.334181000000000117e-01
1.320904999999999996e-01
1.307762000000000091e-01
1.294750000000000068e-01
1.281866999999999868e-01
1.269112000000000018e-01
1.256483999999999934e-01
1.243982000000000004e-01
1.231604000000000032e-01
1.219348999999999988e-01
1.207217000000000012e-01
1.195205000000000017e-01
1.183311999999999975e-01
1.171538000000000024e-01
1.159880999999999968e-01
1.148340000000000055e-01
1.136913999999999980e-01
1.125600999999999963e-01
1.114401000000000003e-01
1.103312999999999933e-01
1.092334999999999973e-01
1.081465999999999955e-01
1.070704999999999990e-01
1.060051000000000049e-01
1.049503999999999992e-01
1.039061000000000012e-01
1.028721999999999970e-01
1.018485999999999975e-01
1.008351999999999998e-01
9.983187999999999784e-02
9.883852999999999389e-02
9.785507000000000233e-02
9.688140000000000640e-02
9.591740999999999462e-02
9.496301999999999521e-02
9.401811999999999669e-02
9.308262999999999954e-02
9.215644000000000613e-02
9.123947000000000307e-02
9.033162000000000136e-02
8.943280000000000673e-02
8.854293000000000580e-02
8.766192000000000428e-02
8.678966999999999932e-02
8.592608999999999664e-02
8.507111000000000534e-02
8.422464000000000339e-02
8.338658999999999655e-02
8.255687999999999915e-02
8.173542999999999781e-02
8.092214999999999825e-02
8.011696000000000095e-02
7.931978000000000639e-02
7.853053999999999590e-02
7.774913999999999437e-02
7.697553000000000034e-02
7.620960999999999708e-02
7.545130999999999366e-02
7.470055999999999918e-02
7.395727000000000551e-02
7.322138999999999731e-02
7.249281999999999948e-02
7.177150999999999670e-02
7.105736999999999470e-02
7.035033999999999732e-02
6.965034000000000503e-02
6.895730999999999389e-02
6.827117000000000602e-02
6.759186000000000361e-02
6.691930999999999574e-02
6.625345000000000539e-02
6.559421999999999475e-02
6.494154000000000593e-02
6.429537000000000446e-02
6.365561999999999609e-02
6.302222999999999853e-02
6.239515000000000339e-02
6.177430999999999894e-02
6.115964000000000123e-02
6.055109000000000186e-02
5.994859999999999772e-02
5.935209999999999791e-02
5.876154000000000099e-02
5.817685000000000217e-02
5.759798000000000001e-02
5.702486999999999834e-02
5.645747000000000265e-02
5.589571000000000123e-02
5.533952999999999789e-02
5.478890000000000149e-02
5.424373999999999862e-02
5.370400000000000174e-02
5.316963999999999718e-02
5.264059000000000099e-02
5.211680999999999953e-02
5.159823999999999661e-02
5.108482999999999774e-02
5.057653000000000149e-02
5.007327999999999779e-02
4.957504000000000077e-02
4.908176000000000205e-02
4.859339000000000020e-02
4.810988000000000070e-02
4.763118000000000213e-02
4.715724000000000304e-02
4.668801999999999675e-02
4.622346000000000094e-02
4.576352999999999671e-02
4.530818000000000345e-02
4.485734999999999723e-02
4.441102000000000244e-02
4.396912000000000043e-02
4.353162000000000004e-02
4.309846999999999984e-02
4.266964000000000173e-02
4.224507000000000262e-02
4.182472000000000273e-02
4.140855999999999704e-02
4.099653999999999798e-02
4.058860999999999719e-02
4.018474999999999825e-02
3.978489999999999804e-02
3.938904000000000016e-02
3.899711000000000150e-02
3.860907999999999701e-02
3.822492000000000251e-02
3.784457000000000099e-02
3.746801000000000298e-02
3.709520000000000178e-02
3.672609999999999764e-02
3.636066000000000298e-02
3.599887000000000226e-02
3.564068000000000097e-02
3.528603999999999768e-02
3.493493999999999766e-02
3.458732999999999946e-02
3.424317999999999806e-02
3.390246000000000232e-02
3.356511999999999690e-02
3.323115000000000097e-02
3.290048999999999751e-02
3.257311999999999708e-02
3.224902000000000324e-02
3.192812999999999901e-02
3.161043999999999660e-02
3.129591000000000317e-02
3.098450999999999983e-02
3.067620999999999890e-02
3.037097999999999881e-02
3.006877999999999981e-02
2.976958999999999855e-02
2.947338000000000041e-02
2.918012000000000036e-02
2.888976999999999865e-02
2.860230999999999885e-02
2.831770999999999941e-02
2.803595000000000045e-02
2.775698999999999875e-02
2.748079999999999967e-02
2.720735999999999988e-02
2.693664000000000128e-02
2.666862000000000052e-02
2.640326000000000131e-02
2.614054000000000030e-02
2.588044000000000108e-02
2.562292999999999862e-02
2.536797999999999831e-02
2.511555999999999858e-02
2.486566000000000123e-02
2.461823999999999957e-02
2.437328000000000064e-02
2.413076000000000110e-02
2.389066000000000106e-02
2.365294000000000077e-02
2.341758999999999855e-02
2.318457999999999977e-02
2.295389000000000110e-02
2.272549999999999917e-02
2.249937999999999938e-02
2.227550000000000016e-02
2.205386000000000152e-02
2.183442000000000022e-02
2.161715999999999985e-02
2.140206999999999873e-02
2.118911000000000058e-02
2.097827999999999846e-02
2.076953999999999953e-02
2.056287999999999866e-02
2.035827999999999943e-02
2.015571000000000029e-02
1.995515999999999956e-02
1.975659999999999916e-02
1.956002000000000088e-02
1.936538999999999969e-02
1.917270000000000085e-02
1.898193000000000102e-02
1.879306000000000032e-02
1.860606000000000065e-02
1.842092999999999856e-02
1.823763999999999941e-02
1.805616999999999986e-02
1.787651000000000170e-02
1.769864000000000159e-02
1.752253000000000144e-02
1.734818000000000124e-02
1.717555999999999944e-02
1.700466000000000130e-02
1.683546000000000001e-02
1.666795000000000082e-02
1.650209999999999871e-02
1.633789999999999895e-02
1.617533999999999986e-02
1.601438999999999988e-02
1.585504000000000080e-02
1.569728000000000095e-02
1.554109000000000046e-02
1.538644999999999943e-02
1.523335999999999961e-02
1.508177999999999949e-02
1.493172000000000076e-02
1.478314000000000017e-02
1.463604999999999941e-02
1.449042000000000038e-02
1.434623999999999969e-02
1.420348999999999917e-02
1.406216000000000063e-02
1.392224000000000066e-02
1.378370999999999937e-02
1.364656000000000029e-02
1.351078000000000001e-02
1.337634000000000045e-02
1.324323999999999987e-02
1.311147000000000007e-02
1.298100999999999942e-02
1.285184999999999973e-02
1.272396999999999938e-02
1.259736000000000015e-02
1.247202000000000033e-02
1.234792000000000008e-02
1.222505999999999940e-02
1.210341000000000021e-02
1.198298000000000071e-02
1.186374999999999930e-02
1.174569999999999954e-02
1.162882999999999972e-02
1.151311999999999995e-02
1.139857000000000023e-02
1.128515000000000074e-02
1.117285999999999974e-02
1.106169000000000076e-02
1.095162000000000045e-02
1.084265000000000055e-02
1.073476999999999938e-02
1.062795000000000059e-02
1.052220000000000065e-02
1.041749999999999968e-02
1.031384999999999941e-02
1.021122000000000002e-02
1.010961999999999972e-02
1.000903000000000036e-02
9.909437000000000106e-03
9.810836999999999336e-03
9.713216999999999685e-03
9.616569000000000159e-03
9.520883000000000818e-03
9.426148000000000512e-03
9.332355999999999985e-03
9.239498000000000502e-03
9.147562999999999181e-03
9.056543999999999706e-03
8.966429999999999192e-03
8.877212000000000644e-03
8.788881999999999597e-03
8.701432000000000264e-03
8.614850999999999759e-03
8.529132000000000033e-03
8.444264999999999410e-03
8.360242999999999841e-03
8.277058000000000332e-03
8.194699999999999207e-03
8.113161000000000678e-03
8.032433999999999755e-03
7.952509999999999440e-03
7.873381000000000476e-03
7.795039000000000134e-03
7.717477000000000364e-03
7.640687000000000173e-03
7.564661000000000302e-03
7.489390999999999757e-03
7.414870999999999962e-03
7.341091999999999583e-03
7.268046999999999702e-03
7.195728000000000193e-03
7.124130000000000219e-03
7.053242999999999839e-03
6.983061999999999950e-03
6.913579999999999899e-03
6.844788000000000087e-03
6.776682000000000018e-03
6.709253000000000092e-03
6.642493999999999656e-03
6.576399999999999607e-03
6.510964000000000161e-03
6.446178999999999798e-03
6.382037999999999600e-03
6.318535999999999597e-03
6.255666000000000004e-03
6.193421000000000169e-03
6.131794999999999780e-03
6.070782999999999735e-03
6.010376999999999907e-03
5.950572999999999800e-03
5.891363999999999629e-03
5.832743999999999950e-03
5.774706999999999583e-03
5.717248000000000295e-03
5.660359999999999697e-03
5.604038999999999895e-03
5.548278000000000237e-03
5.493071000000000412e-03
5.438413999999999922e-03
5.384301000000000191e-03
5.330727000000000382e-03
5.277684999999999842e-03
5.225170999999999809e-03
5.173180000000000313e-03
5.121706000000000175e-03
5.070744000000000293e-03
5.020288999999999828e-03
4.970337000000000019e-03
4.920881000000000213e-03
4.871916999999999914e-03
4.823441000000000360e-03
4.775447000000000372e-03
4.727929999999999980e-03
4.680886999999999895e-03
4.634311000000000333e-03
4.588199000000000270e-03
4.542545999999999737e-03
4.497346000000000156e-03
4.452596999999999978e-03
4.408292999999999760e-03
4.364429999999999872e-03
4.321003000000000344e-03
4.278007999999999811e-03
4.235441000000000379e-03
4.193297999999999817e-03
4.151573999999999889e-03
4.110265000000000099e-03
4.069366999999999950e-03
4.028875999999999812e-03
3.988789000000000397e-03
3.949099000000000186e-03
3.909804999999999704e-03
3.870901999999999850e-03
3.832386000000000126e-03
3.794253000000000035e-03
3.756499999999999857e-03
3.719122000000000053e-03
3.682116000000000035e-03
3.645478000000000173e-03
3.609204999999999879e-03
3.573292999999999955e-03
3.537737999999999907e-03
3.502537000000000011e-03
3.467686000000000206e-03
3.433181999999999900e-03
3.399020999999999900e-03
3.365200999999999956e-03
3.331716000000000191e-03
3.298564999999999831e-03
3.265744000000000112e-03
3.233249000000000106e-03
3.201077999999999996e-03
3.169227000000000155e-03
3.137692000000000085e-03
3.106471999999999879e-03
3.075562000000000001e-03
3.044958999999999860e-03
3.014661999999999984e-03
2.984665000000000061e-03
2.954967000000000184e-03
2.925565000000000197e-03
2.896455000000000037e-03
2.867634999999999889e-03
2.839101000000000125e-03
2.810851999999999969e-03
2.782882999999999885e-03
2.755192999999999965e-03
2.727779000000000054e-03
2.700637000000000090e-03
2.673764999999999822e-03
2.647159999999999964e-03
2.620821000000000175e-03
2.594743000000000049e-03
2.568925000000000115e-03
2.543364000000000215e-03
2.518057000000000194e-03
2.493001999999999805e-03
2.468196000000000192e-03
2.443636999999999806e-03
2.419323000000000133e-03
2.395249999999999810e-03
2.371416999999999796e-03
2.347820999999999936e-03
2.324459999999999981e-03
2.301331000000000210e-03
2.278431999999999940e-03
2.255760999999999791e-03
2.233315999999999947e-03
2.211093999999999820e-03
2.189093999999999936e-03
2.167311999999999798e-03
2.145746999999999932e-03
2.124396000000000184e-03
2.103258000000000211e-03
2.082329999999999858e-03
2.061611000000000086e-03
2.041096999999999963e-03
2.020787999999999925e-03
2.000680999999999814e-03
1.980773999999999816e-03
1.961065000000000117e-03
1.941552000000000035e-03
1.922232999999999971e-03
1.903107000000000019e-03
1.884169999999999899e-03
1.865422000000000044e-03
1.846860999999999989e-03
1.828484999999999919e-03
1.810290999999999897e-03
1.792278000000000013e-03
1.774444999999999929e-03
1.756788999999999920e-03
1.739307999999999957e-03
1.722002000000000038e-03
1.704868000000000008e-03
1.687904000000000054e-03
1.671109000000000049e-03
1.654480999999999964e-03
1.638019000000000107e-03
1.621720000000000106e-03
1.605583999999999961e-03
1.589607999999999950e-03
1.573790999999999949e-03
1.558132000000000050e-03
1.542628000000000098e-03
1.527279000000000093e-03
1.512082000000000096e-03
1.497037000000000107e-03
1.482140999999999971e-03
1.467392999999999996e-03
1.452792000000000059e-03
1.438337000000000036e-03
1.424024999999999987e-03
1.409855999999999913e-03
1.395827999999999999e-03
1.381938999999999997e-03
1.368188000000000000e-03
1.354575000000000006e-03
1.341095999999999955e-03
1.327751999999999969e-03
1.314541000000000017e-03
1.301461000000000067e-03
1.288510999999999997e-03
1.275689999999999897e-03
1.262997000000000078e-03
1.250430000000000074e-03
1.237987999999999979e-03
1.225670000000000101e-03
1.213473999999999976e-03
1.201400000000000037e-03
1.189446000000000036e-03
1.177611000000000066e-03
1.165893000000000094e-03
1.154291999999999905e-03
1.142807000000000024e-03
1.131435999999999987e-03
1.120178000000000102e-03
1.109032000000000030e-03
1.097997000000000079e-03
1.087071999999999908e-03
1.076254999999999920e-03
1.065545999999999898e-03
1.054943999999999934e-03
1.044446999999999997e-03
1.034055000000000087e-03
1.023765999999999956e-03
1.013578999999999912e-03
1.003493999999999957e-03
9.935086999999999564e-04
9.836230999999999100e-04
9.738359000000000251e-04
9.641460999999999608e-04
9.545527000000000265e-04
9.450546999999999897e-04
9.356513000000000113e-04
9.263414000000000413e-04
9.171240999999999899e-04
9.079986000000000177e-04
8.989639000000000007e-04
8.900190000000000315e-04
8.811631999999999798e-04
8.723955000000000468e-04
8.637150000000000339e-04
8.551208999999999937e-04
8.466123000000000528e-04
8.381883000000000129e-04
8.298481999999999604e-04
8.215911000000000221e-04
8.134160999999999996e-04
8.053224999999999793e-04
7.973093999999999798e-04
7.893760999999999790e-04
7.815215999999999613e-04
7.737453999999999730e-04
7.660464999999999983e-04
7.584242000000000154e-04
7.508776999999999683e-04
7.434063999999999776e-04
7.360093999999999534e-04
7.286858999999999481e-04
7.214354000000000079e-04
7.142570000000000429e-04
7.071500000000000312e-04
7.001137999999999849e-04
6.931475000000000310e-04
6.862505999999999988e-04
6.794223000000000493e-04
6.726619000000000521e-04
6.659688000000000196e-04
6.593423000000000382e-04
6.527816999999999778e-04
6.462864999999999929e-04
6.398557999999999937e-04
6.334891000000000263e-04
6.271857999999999947e-04
6.209451999999999854e-04
6.147667000000000105e-04
6.086496999999999741e-04
6.025934999999999625e-04
5.965976000000000222e-04
5.906613000000000228e-04
5.847842000000000448e-04
5.789655000000000322e-04
5.732047000000000314e-04
5.675011999999999461e-04
5.618545000000000397e-04
5.562638999999999648e-04
5.507290000000000189e-04
5.452490999999999631e-04
5.398237999999999865e-04
5.344524999999999927e-04
5.291345999999999940e-04
5.238696000000000368e-04
5.186569999999999505e-04
5.134962999999999984e-04
5.083868999999999758e-04
5.033283999999999632e-04
4.983201999999999727e-04
4.933618000000000508e-04
4.884527999999999526e-04
4.835926000000000157e-04
4.787807999999999951e-04
4.740168000000000116e-04
4.693003000000000170e-04
4.646307000000000236e-04
4.600075000000000236e-04
4.554304000000000230e-04
4.508987999999999798e-04
4.464121999999999947e-04
4.419703999999999994e-04
4.375727000000000262e-04
4.332187999999999729e-04
4.289081999999999942e-04
4.246405000000000080e-04
4.204152000000000063e-04
4.162319999999999952e-04
4.120904000000000212e-04
4.079900999999999819e-04
4.039304999999999979e-04
3.999113000000000212e-04
3.959321000000000238e-04
3.919924999999999777e-04
3.880921999999999974e-04
3.842305999999999868e-04
3.804074000000000062e-04
3.766223000000000075e-04
3.728747999999999828e-04
3.691647000000000266e-04
3.654913999999999884e-04
3.618547000000000170e-04
3.582541999999999758e-04
3.546894999999999996e-04
3.511602999999999860e-04
3.476662000000000155e-04
3.442068999999999858e-04
3.407819999999999773e-04
3.373911000000000163e-04
3.340339999999999802e-04
3.307103000000000039e-04
3.274196999999999850e-04
3.241618000000000038e-04
3.209363999999999923e-04
3.177429999999999968e-04
3.145814000000000032e-04
3.114513000000000177e-04
3.083523000000000123e-04
3.052840999999999931e-04
3.022465000000000004e-04
2.992391000000000061e-04
2.962616000000000164e-04
2.933136999999999832e-04
2.903952000000000009e-04
2.875056999999999873e-04
2.846449999999999827e-04
2.818127000000000132e-04
2.790086999999999906e-04
2.762325000000000154e-04
2.734839000000000193e-04
2.707626999999999885e-04
2.680685999999999833e-04
2.654011999999999756e-04
2.627605000000000197e-04
2.601459999999999992e-04
2.575575000000000087e-04
2.549946999999999999e-04
2.524574999999999931e-04
2.499455000000000145e-04
2.474584999999999957e-04
2.449961999999999973e-04
2.425585000000000122e-04
2.401450000000000123e-04
2.377555000000000109e-04
2.353897999999999939e-04
2.330475999999999945e-04
2.307288000000000058e-04
2.284329999999999998e-04
2.261599999999999895e-04
2.239096999999999951e-04
2.216817999999999957e-04
2.194759999999999973e-04
2.172921999999999929e-04
2.151300999999999886e-04
2.129894999999999976e-04
2.108702000000000059e-04
2.087719999999999995e-04
2.066946999999999914e-04
2.046380999999999949e-04
2.026018999999999889e-04
2.005858999999999865e-04
1.985900999999999877e-04
1.966140999999999917e-04
1.946577000000000116e-04
1.927208999999999932e-04
1.908032999999999897e-04
1.889046999999999873e-04
1.870251000000000129e-04
1.851641999999999915e-04
1.833217999999999903e-04
1.814976999999999953e-04
1.796916999999999926e-04
1.779038000000000093e-04
1.761335999999999902e-04
1.743810000000000097e-04
1.726459000000000066e-04
1.709280999999999941e-04
1.692273000000000052e-04
1.675435000000000129e-04
1.658763999999999963e-04
1.642259000000000026e-04
1.625917999999999905e-04
1.609740000000000075e-04
1.593723000000000123e-04
1.577864999999999910e-04
1.562164999999999908e-04
1.546620999999999977e-04
1.531232000000000047e-04
1.515995999999999978e-04
1.500911999999999971e-04
1.485977000000000088e-04
1.471192000000000127e-04
1.456553000000000079e-04
1.442059999999999946e-04
1.427711000000000128e-04
1.413505000000000013e-04
1.399441000000000075e-04
1.385516000000000102e-04
1.371730000000000096e-04
1.358080999999999915e-04
1.344568000000000033e-04
1.331189000000000038e-04
1.317943999999999930e-04
1.304830000000000041e-04
1.291847000000000102e-04
1.278991999999999900e-04
1.266266000000000050e-04
1.253666999999999867e-04
1.241193000000000027e-04
1.228842000000000118e-04
1.216614999999999938e-04
1.204510000000000026e-04
1.192524999999999971e-04
1.180658999999999973e-04
1.168910999999999963e-04
1.157280000000000006e-04
1.145765000000000032e-04
1.134364999999999972e-04
1.123077000000000022e-04
1.111903000000000050e-04
1.100839000000000049e-04
1.089885999999999953e-04
1.079040999999999957e-04
1.068304000000000063e-04
1.057675000000000000e-04
1.047150000000000028e-04
1.036731000000000019e-04
1.026415999999999966e-04
1.016203000000000001e-04
1.006091000000000054e-04
9.960803000000000116e-05
9.861692000000000244e-05
9.763566000000000161e-05
9.666417000000000661e-05
9.570234999999999690e-05
9.475009000000000545e-05
9.380730999999999954e-05
9.287392000000000000e-05
9.194980999999999912e-05
9.103489000000000416e-05
9.012907999999999597e-05
8.923227999999999466e-05
8.834439999999999394e-05
8.746536000000000176e-05
8.659506999999999827e-05
8.573343000000000359e-05
8.488036999999999926e-05
8.403579000000000539e-05
8.319962000000000353e-05
8.237177000000000095e-05
8.155216000000000559e-05
8.074069999999999761e-05
7.993731999999999921e-05
7.914193000000000410e-05
7.835445999999999384e-05
7.757482000000000277e-05
7.680292999999999821e-05
7.603873000000000305e-05
7.528212999999999745e-05
7.453306000000000362e-05
7.379145000000000311e-05
7.305721000000000318e-05
7.233027999999999962e-05
7.161058000000000039e-05
7.089804000000000060e-05
7.019259999999999606e-05
6.949416999999999400e-05
6.880269000000000380e-05
6.811808999999999345e-05
6.744029999999999871e-05
6.676926000000000183e-05
6.610489999999999791e-05
6.544713999999999491e-05
6.479593000000000288e-05
6.415120000000000338e-05
6.351289000000000576e-05
6.288092000000000442e-05
6.225524999999999657e-05
6.163580000000000371e-05
6.102251000000000132e-05
6.041532999999999946e-05
5.981417999999999929e-05
5.921901999999999803e-05
5.862977999999999755e-05
5.804641000000000114e-05
5.746883999999999711e-05
5.689701000000000161e-05
5.633087999999999827e-05
5.577038000000000253e-05
5.521544999999999665e-05
5.466604999999999815e-05
5.412211000000000214e-05
5.358358999999999903e-05
5.305041999999999749e-05
5.252256000000000150e-05
5.199995000000000008e-05
5.148254999999999721e-05
5.097029000000000154e-05
5.046312000000000280e-05
4.996100999999999890e-05
4.946388999999999848e-05
4.897170999999999805e-05
4.848444000000000229e-05
4.800200999999999952e-05
4.752438000000000051e-05
4.705150000000000174e-05
4.658333000000000043e-05
4.611981999999999985e-05
4.566092000000000328e-05
4.520659000000000114e-05
4.475677999999999672e-05
4.431144000000000006e-05
4.387053000000000160e-05
4.343400999999999854e-05
4.300184000000000162e-05
4.257395999999999989e-05
4.215033999999999800e-05
4.173093999999999995e-05
4.131571000000000223e-05
4.090461000000000205e-05
4.049760000000000339e-05
4.009464999999999736e-05
3.969570000000000010e-05
3.930072000000000274e-05
3.890967000000000248e-05
3.852251000000000329e-05
3.813921000000000309e-05
3.775971999999999835e-05
3.738399999999999986e-05
3.701201999999999872e-05
3.664374999999999962e-05
3.627913999999999906e-05
3.591815000000000101e-05
3.556075999999999730e-05
3.520692999999999869e-05
3.485661000000000168e-05
3.450977999999999809e-05
3.416639999999999868e-05
3.382644000000000135e-05
3.348986000000000329e-05
3.315663000000000242e-05
3.282671999999999663e-05
3.250008999999999667e-05
3.217671000000000046e-05
3.185653999999999840e-05
3.153957000000000337e-05
3.122573999999999760e-05
3.091504000000000073e-05
3.060743000000000318e-05
3.030287999999999946e-05
3.000136000000000103e-05
2.970283999999999902e-05
2.940729999999999879e-05
2.911469000000000025e-05
2.882498999999999860e-05
2.853817999999999923e-05
2.825421999999999932e-05
2.797309000000000088e-05
2.769475000000000110e-05
2.741917999999999859e-05
2.714635999999999872e-05
2.687624999999999869e-05
2.660881999999999980e-05
2.634406000000000134e-05
2.608193000000000051e-05
2.582240999999999931e-05
2.556547999999999972e-05
2.531109000000000164e-05
2.505924999999999898e-05
2.480990000000000110e-05
2.456304000000000123e-05
2.431862999999999996e-05
2.407665999999999997e-05
2.383708999999999847e-05
2.359991000000000153e-05
2.336509000000000028e-05
2.313259999999999939e-05
2.290243000000000156e-05
2.267454000000000060e-05
2.244892999999999989e-05
2.222556000000000003e-05
2.200440999999999961e-05
2.178546000000000063e-05
2.156869000000000169e-05
2.135408000000000138e-05
2.114160000000000101e-05
2.093123999999999986e-05
2.072296999999999922e-05
2.051677000000000109e-05
2.031263000000000139e-05
2.011052000000000138e-05
1.991040999999999899e-05
1.971230000000000099e-05
1.951615999999999849e-05
1.932197000000000027e-05
1.912971000000000154e-05
1.893937000000000159e-05
1.875091999999999834e-05
1.856435000000000124e-05
1.837963000000000143e-05
1.819675000000000158e-05
1.801569000000000030e-05
1.783642999999999958e-05
1.765895000000000141e-05
1.748323999999999831e-05
1.730927999999999905e-05
1.717199000000000023e-05
